100
850
-22,+53,+57,+92
+45,+63,-68
+4,+16,-33,-72,+77,+81,-93,+95,+99
-17,-36,+53,-78,+100
+46,+56,-65
+42,+46,-49,-97
-13,+81
+46,-61,+72,+78,+81,+83,-97
-20,-25,-32,-51,-75,-80,-93
+57,+62,-65,-78
+46,-48,-51,-72,-95
+3,+27,-37,+84
+31,+39
+77,+78,-93
+45,-54,+75,+91
+36,-48,+52,+54,-57,+65
-11,+46,+52,-89
+13,-37
-15,-25,+36,+37,-78,-82,-86
+1,-6,+16,-37,+50
+33,+67,-72,-89,+96
+6,+53,-55,-60,+64,+70,+81,+90
+7,+24,-42,-55,+59,+71,-74,+80,-86
-12,-15,-31
-9,-18,-38,-92
+8,-9,-19,-22,+25,-33,-35,-79
+7,+29,-52,-56,+97
-8,-13,-45,+58,-92
-36,-38,+62,+90,-100
-47,-50,-75,+88
+51,-91,+95
-39,+64,+87,+92
+45,-99
+11,+45,-59,-74,+79
-4,-34,-46,+63
+25,+63,-69,+91,+92
+1,-33,+35,-55,+59,-74,+88,+91,+93
-57,+77,+97,+100
-31,+51,-65,+87
-42,+74,+85
+6,-58,-90,+93
+21,-30,+33,+53,+54
-27,+63,+82,+84,+86
+80,+85
+9,-18,-30,-58,-71,-81
+41,+52
+10,-40,+46,-82
+36,+55,+56,-91,+100
-12,-32,+43,-48,-67,+69,+74,-80
+14,+77,-79
-6,-16,+59,+61,-76,+78
-2,-17,-84
+35,-79
-61,-74,+96
-18,+20,-21
+37,-38,-52,+62,-93,-95
+11,+38,+47,-59,-63,+99
+32,-35,-80
+22,+33,+44,+47,+76
+1,-15,+19,-30,-35
-17,-22
+40,+41,-57,+61,+63,+84,-91,-100
-2,-5,+32,+69,+84
-4,-13,-50,-75,+86,+87
+64,+67,+89
-4,+64,-85,+97,-98
+50,-56,-68,-89,+91,+92,-94,+96,+97,-99
-42,+63,-84
-2,+14,+25,-43
-27,+35,+36,+55,+70,-93
-6,+41,-77
-20,+25,+42,-70,+88
+26,+63,+80
-17,+23,+45,+59,-74,-90,-98
+74,-78
-39,-46
-12,-17,+64,+78,-89,+100
+8,+34,+66
+47,+54,+63,+65,+70,+81,-95,-98
-1,-10,+21,+22,+29,-39,-66,+74,+83
+12,-17,+28,-45,+50,-70
+28,+32,-61,-93
-1,-14,+33,-45,+70,-87
-16,+35,+68
+13,+23,+37,-43,+46,+64,-66
-2,+22,+51
-4,+12,-14,-64
+84,+85,-90
+26,+68,+96
-8,+19
-6,-11,-15,+28,+33,-46,+50,-72,+76
-68,+91
+11,-21,-32,-69,+93,-100
+10,+12,+30,+66,-69,+76
+35,+38,-65,+71,+96
-21,+24,-34,+85
+8,+9,+40
+7,+13,+28,+43,+50,-55
-7,-67
+4,+13,-25,-66,+69,-90
-10,-12,+21,-27,-31,-80,+99
+30,+35,-50,-76,+87,+89
+15,-50,-79
+4,+60,+88
-27,-37,-60,+67,-73
-3,+9,+61,-65
+12,+26,+27,-62,+93,+96
-2,-6,+34,+35,-42,-47,-53
+8,-21,+28,-29,-66,+75,-78
-11,-43,-49,-62,+89,+91
+28,+35,-36,+74,-84,+100
-17,+22,-29,-44,-48,-53,-83
+20,-46,-60,-64,-68,+78,-97
+31,+38,-49,-78,+80
+8,-21,-48,-51,+64
-13,+60,-65,+72,+73
+17,-27,+47,+49,+62,+63,+79,+83,-89
+42,+55,+58,+60,-74,-91
-31,-54,-60
+43,+44,-50,+71,-90
+2,+40,+66,-79,-89,-100
+2,-23,+31,+53,+59
-14,+27,-68,-75
+59,-72,-95
-21,-33,+57,+58,-69
+31,-36,+43,+70,-71,-82,-97,-100
-8,+11,-20,-23,-59,-64,+70,+71,+99
+2,-17,+21,+79
-68,+73
+2,+55,-77,+86,-87,-90
-17,-92
+1,+25,-26,+43,+44,+55,+63,-71,-78
-39,+43,-51,+54,-55,+89
-12,-55,+71,+89,-95
+74,-96,-100
+36,-49,+66,+90
+1,-32,-41,+73
-45,-47,+53
+9,+10,-19,-42,-48,+83
+3,+20,+30,+31,-34,-44,+59,-70
-12,+15,-21,+24,+79
-17,+33,+73
+23,-30,+39,-46,+70,+79
-3,-25,+28,+34,-41,-44,+65,-73,-90
+5,-10,-26,+29,-32,-62,+99
-7,+18,-19,-37,-77,+80,-92
+25,+64,+76,-98
+29,+56,-84,+86
-19,+74
-12,+27,-64,-93
-2,-11,+31,-45,-57,+86,-92
-25,-39,+45,+52,+79,-83
+11,-79,+87
-73,+86
-24,+40,+55,-61,-71,+78
+3,-4,-26,+50,+86,+96
-16,-27,-32
-10,-65
+6,-19,-34
-8,+11,-21,+36,+54
-18,-30,-36,+59,+64,+80,+82,-90
+21,+61,+66,+81
+13,-15,-35
+21,-22,+34,+79,-99
+3,+5,-27,+30,+32,-53
+10,-15,+43,+54,-56,-60,+87
-27,+31,-48,+61
+5,-15,-53,-88
-4,-13,+19,-73,-85
+13,+15,+68
+23,+36,-56,-65,-72,+76,-89
-27,-38,-55,+58,-73
-16,-48,-98
+7,-49,+69,-74,+77
-13,+31,-41,+45,+48,-50,-59,-85,-96
+34,+39,+46,-95,+100
+40,+78
-6,-43,+53,+71,+78,+79
+22,+30,+33,+40,-73,+76,-89
+4,-10,-27,-29,-68
+13,-30,-35,+38,+52,-63,+85
-3,+21,+24,+30,-46
-8,-37,-63,+78
+28,-30,+63,+74
+16,+37,+38,+79,-93
+18,+33,+45,+67,+76
+32,-35,+77
-17,-61,-65
-12,+69,+100
+4,-8,-11,+15,-51,+73,-96,-100
+14,+38,+41,+44,-47,-91,+93,-94
+53,-64,-75
-2,+4,+8,+54,+72,-77
+9,+13,+25,-42,-81,+86,+90
-26,-45,+62,-87
-6,+55,+65,-74
+51,+55,-58
-6,-22,+90
-2,+55,-70,+81,+87,+90,+92
-29,-34,-41,-60,-84,-89
-4,+66,+71,-74,-87
+55,-57,-60,-81
+12,+36,-46,+93
-2,+40,+48
+86,+87
+54,-63,+84,+100
+45,-57,+61,+63,-66,+74
-20,+55,+61,-98
+22,-46
-24,-34,+45,+46,-87,-91,-95
+5,+10,-15,+25,-46,+59
+42,+76,-81,-98
+15,+62,-64,-69,+73,+79,+90,+99
+16,+33,-51,-64,+68,+80,-83,+89,-95
-1,-21,-24,-40
-18,-27,-47
+6,+17,-18,-28,-31,+34,-42,-44,-88
-1,+16,+38,-61,-65
-9,-17,-22,-54,+67
-45,-47,+71,+99
+4,-56,-59,-84,+97
+1,+60,-100
-8,-48,+73,+96
+20,+54,-68,-83,+88
+1,-13,-43,-55,+72
+2,+34,+72,-78,+100
+6,+9,+10,-42,+44,-64,+68,-83,+97,+100
-66,+86
-40,+60,-74,+96
+2,-51,+83,+94
+15,-67,-99
+30,-39,+42,+62,+63
-36,+72,+91,+93,+95
+89,+94
+18,-27,-39,-67,-80,-90
+50,+61
+9,+19,-49,+55,-91
+45,+64,+65,-100
-21,-41,+52,-57,-76,+78,+83,-89
+23,+86,-88
-15,-25,+68,+70,-85,+87
-11,-26,-93
+5,+44,-88
-70,-83
-2,-4,-27,+29,-30
+8,+46,-47,-61,+71
+20,+47,+56,-68,-72
+41,-44,-89
+31,+42,+53,+56,+85
+10,-24,+28,-39,-44
-9,-26,-31
+49,+50,-66,+70,+72,+93,-100
-11,-14,+41,+78,+93
-13,-22,-59,-84,+95,+96
+6,-7,+73,+76,+98
+1,-3,+5,+6,-8,-13,+73,-94
+59,-65,-77,-98,+100
-51,+72,-93
-2,-11,+23,+34,-52
-36,+44,+45,+64,+79
-15,+50,-86
-29,+34,+51,-79,+97
-7,+35,+72,+89
-26,+32,+54,+68,-83,-99
+83,-87
+9,-48,-55
-21,-26,+73,+87,-98
-4,-7,+17,+43,+75
+56,+63,+72,+74,+79,+90
-10,-19,+30,+31,+38,-48,-75,+83,+92
-2,+21,-26,+37,-54,+59,-79
+37,+41,-70
-10,-23,+42,-54,+79,-96
-25,+44,+77
+22,+32,+46,-52,+55,+73,-75
-11,+31,+60
-13,+21,-23,-73
+5,+93,+94,-99
+35,+77
-17,+28
-15,-20,-24,+37,+42,-55,+59,-81,+85
+2,-9,-77,+100
+20,-30,-41,-78
+19,+21,+39,+75,-78,+85
+5,-36
+44,+47,-74,+80
-30,+33,-43,+94
+17,+18,+49
+16,+22,+37,+52,+59,-64
-16,-76
+8,+13,+22,-34,-75,+78,-99
-19,-21,+30,-36,-40,-89
+39,+44,-59,-85,+96,+98
+24,-59,-88
+13,+69,+97
-36,-46,-69,+76,-82
+2,+5,-12,+18,+70,-74
+21,+35,+36,-71
-11,-15,+43,+44,-51,-56,-62
+17,-30,+37,-38,-75,+84,-87
+9,-20,-52,-58,-71,+98,+100
+37,+44,-45,+83,-93
-6,-26,+31,-38,-53,-57,-62,-92
+29,-55,-69,-73,-77,+87
+40,+47,-58,-87,+89
+17,-30,-57,-60,+73
-22,+69,-74,+81,+82
+26,-36,+56,+58,+71,+72,+88,+92,-98
+51,+64,+67,+69,-83,-100
-40,-63,-69
-9,+52,+53,-59,+80,-99
+11,+49,+75,-88,-98
+11,-32,+40,+62,+68
-4,-23,+36,-77,-84
+68,-81
-6,-9,-30,-42,+66,+67,-78
+8,+40,-45,+52,+79,-80,-91
-17,+20,-29,-32,-68,-73,+79,+80
+11,-26,+30,+88
-77,+82
-1,+11,+64,-86,+95,-96,-99
+10,+34,-35,+52,+53,+64,+72,-80,-87
-4,-48,+52,-60,+63,-64,+98
-5,-9,-21,-64,+80,+98
+45,-58,+75,+99
+10,-41,-50,+82
-54,-56,+62
+18,+19,-28,-51,-57,+92
+12,+29,+39,+40,-43,-53,+68,-79
-21,+24,-30,+33,+88
-26,+42,+82
+32,-39,+48,-55,+79,+88
+8,-12,-34,+37,+43,-50,-53,+74,-82,-99
-1,+14,-19,-35,+38,-41,-71
-7,-16,+27,-28,-46,-86,+89
+34,+73,+85
+38,+65,-93,+95
-2,-28,+83
-21,+36,-73
-1,-43
-11,-20,+40,-54,-66,+95
-34,-48,+54,+61,+88,-92
+20,-88,+96
-82,+95
+5,-33,+49,+64,-70,-80,+87
+12,-13,-35,+59,+95
-25,-36,-41
-19,-74
+15,-28,-43
-17,+20,-30,+45,+63
-27,-39,-45,+68,+73,+89,+91,-99
+30,+70,+75,+90
-8,+22,-24,-44
+30,-31,+43,+88
+12,+14,-36,+39,+41,-62
+19,-24,+52,+63,-65,-69,+96
-36,+40,-57,+70
+14,-24,-62,-97
-13,-22,+28,-82,-94
+22,+24,+77
+32,+45,-65,-74,-81,+85,-98
-7,-36,-47,-64,+67,-82
-25,-57
-5,+16,-58,+78,-83,+86
-4,+9,-22,+40,-50,+54,+57,-59,-68,-94
+43,+48,+55
+49,+87
-15,-52,+62,+80,+87,+88
+31,+39,+42,+49,-82,+85,-98
+13,-19,-36,-38,-77
+22,-39,-44,+47,+61,-72,+94
-12,+30,+33,+39,-55
-17,-46,-72,+87
-2,+37,-39,+72,+83
+25,+46,+47,+88
+27,+42,+54,+76,+85
+41,-44,+86
+9,-26,-70,-74
-5,-9,-21,+78
+2,-3,+13,-17,-20,+24,-60,+82
+23,+47,+50,+53,-56,-100
+62,-73,-84
-11,+13,+17,+63,+81,-86
+18,+22,+34,-51,-90,+95,+99
-35,-54,+71,-96
-15,+64,+74,-83
+60,+64,-67
+1,-15,-31,+99
-11,+64,-79,+90,+96,+99
-38,-43,-50,-69,-93,-98
-13,+75,+80,-83,-96
+2,+64,-66,-69,-90
+21,+45,-55
-11,+49,+57
+9,+95,+96
+63,-72,+93
-7,+54,-66,+70,+72,-75,+83
-29,+64,+70
-4,+31,-55
-33,-43,+54,+55,-96,-100
-7,+14,+19,-24,+34,-55,+68
+8,+51,+85,-90
-4,+24,+71,-73,-78,+82,+88,+99
+25,+42,-60,-73,+77,+89,-92,+98
-10,-30,-33,-49
-27,-36,-56
+15,+26,-27,-37,-40,+43,-51,-53,-97
-10,+25,+47,-70,-74
+8,-18,-26,-31,-63,+76
-1,-54,-56,+80
-9,+13,-65,-68,-93
+5,+10,+69
-17,-57,+82
+29,+63,-77,-92,+97
+9,+10,-22,-52,-64,+81
+6,+9,+11,+43,+81,-87
+15,+18,+19,-51,+53,-73,+77,-92
+5,-75,+95
+3,-49,+69,-83
-8,+11,-60,+92
+24,-76
+2,+4,+39,-48,+51,+71,+72
+3,-45,+81,+100
+27,-36,-48,-76,-89,-99
+59,+70
-9,+18,+28,-58,+64,-100
+54,+73,+74
-30,-50,+61,-66,-85,+87,+92,-98
+32,+95,-97
-2,-24,-34,+77,+79,-94,+96
-20,-35
+14,+53,-97
-79,-92
-11,-13,-36,+38,-39
+17,+55,-56,-70,+80
+29,+56,+65,-77,-81
+50,-53,-98
+40,+51,+62,+65,+94
+19,-33,+37,-48,-53
+2,-9,-18,-35,-40
+2,+58,+59,-75,+79,+81
+4,+5,-20,-23,+50,+87
+7,-22,-31,-68,-93
-3,+15,-16,+82,+85
-7,+9,+10,-12,+14,+15,-17,-22,+82
-2,+68,-74,-86
-60,+81
-11,-20,+32,+43,-61
-45,+53,+54,+73,+88
+6,-24,+59,-95
-38,+43,+60,-88
-8,-16,+44,+81,+98
-35,+41,+63,+77,-92
+92,-96
-7,+18,-57,-64
-30,-35,+82,+96
-13,-16,+26,+52,+84
+1,+65,+72,+81,+83,+88,+99
-19,-28,+39,+40,+47,-57,-84,+92
-11,+30,-35,+46,-63,+68,-88
-5,+46,+50,-79
-19,-32,+51,-63,+88
-34,+53,+86
+31,+41,+55,-61,+64,+82,-84
-20,+40,+69
+2,+3,-8,-22,+30,-32,-82
+44,+86
-26,+37
+9,-24,-29,-33,+46,+51,-64,+68,-90,+94
+11,-18,-86
+29,-39,-50,-87
+28,+30,+48,+84,-87,+94
+14,-45
+3,+53,+56,-83,+89
-39,+42,-52
+26,+27,+58
+25,+31,+46,+61,+68,-73
-8,-25,-85
+17,+22,+31,-43,-84,+87
+5,+7,-28,-30,+39,-45,-49,-98
+48,+53,-68,-94
+6,+33,-68,-97
+22,+78
-45,-55,-78,+85,-91
+11,+14,-21,+27,+79,-83
+30,+44,+45,-80
-20,-24,+52,+53,-60,-65,-71
+7,+9,+26,-39,+46,-47,-84,+93,-96
-2,+18,-29,-61,-67,-80
-1,+46,+53,-54,+92
-15,-35,+40,-47,-62,-66,-71
+38,-64,-78,-82,-86,+96
+49,+56,-67,-96,+98
+26,-39,-66,-69,+82
+1,-7,-31,+78,-83,+90,+91
-9,+35,-45,+65,+67,+80,+81,+97
+60,+73,+76,+78,-92
-8,-49,-72,-78
-7,-18,+61,+62,-68,+89
+20,+58,+84,-97
+20,-41,+49,+71,+77
-13,-32,+45,-86,-93
+77,-90
-15,-18,-39,-51,+75,+76,-87
+17,+49,-54,+61,+88,-89,-100
-26,+29,-38,-41,-77,-82,+88,+89
+20,-35,+39,+97
+4,-5,-8,-86,+91
-10,+20,+73,-95
+7,+19,+43,-44,+61,+62,+73,+81,-89,-96
+7,-13,-57,+61,-69,+72,-73
-14,-18,-30,-73,+89
+8,+92
+54,-67,+84
+19,-50,-59,+91
+1,-63,-65,+71
+27,+28,-37,-60,-66
+21,+38,+48,+49,-52,-62,+77,-88
-30,+33,-39,+42,+97
-35,+51,+91
+41,-48,+57,-64,+88,+97
-8,+26
+17,-21,-43,+46,+52,-59,-62,+83,-91
-10,+23,-28,-44,+47,-50,-80
-16,-25,+36,-37,-55,-95,+98
-2,+4,+43,+82,+94
+47,+74
-11,-37,+92
-30,+45,-82
+4,-10,-52
-1,-20,-29,+49,-63,-75
+5,-43,-57,+63,+70,+97
+4,+29,-97
+4,+14,-42,+58,+73,-79,-89,+96
+21,-22,-44,+68
-34,-45,-50
-28,-83
+24,-37,-52
-8,-26,+29,-39,+54,+72
-36,-48,-54,+77,+82,+98,+100
+39,+79,+84,+99
-17,+31,-33,-53
+39,-40,+52,+97
+5,+21,+23,-45,+48,+50,-71
+28,-33,+61,+72,-74,-78
-6,-45,+49,-66,+79
-3,+23,-33,-71
-22,-31,+37,-91
-7,+31,+33,+86
+41,+54,-74,-83,-90,+94
-16,-45,-56,-73,+76,-91
-34,-66
-3,-14,+25,-67,+87,-92,+95
-13,+18,-31,+49,-59,+63,+66,-68,-77
+52,+57,+64
+58,+96
-7,-24,-61,+71,+89,+96,+97
+40,+48,+51,+58,-91,+94
+3,+22,-28,-45,-47,-86
+31,-48,-53,+56,+70,-81
-21,+39,+42,+48,-64
-26,-55,-81,+96
-11,+46,-48,+81,+92
+34,+55,+56,+97
+36,+51,+63,+85,+94
+50,-53,+95
+18,-35,-79,-83
-14,-18,-30,+87
-9,+11,-12,+22,-26,-29,+33,-69,+91
+32,+56,+59,+62,-65
+71,-82,-93
+4,+8,-20,+22,+26,+72,+90,-95
-5,+27,+31,+43,-60,-99
-44,-63,+80
-24,+73,+83,-92
+8,+69,+73,-76
+5,+8,+10,-24,-40
-2,-7,-20,+73,-88,+99
-5,-47,-52,-59,-78
-22,+84,+89,-92
+11,+73,-75,-78,-99
+30,+54,-64
+4,+5,-20,+58,+66
+2,+18
+72,-81
-16,+63,-75,+79,+81,-84,+92
-38,+73,+79
-5,-9,-13,+40,-64
-42,-52,+63,+64
-16,+23,+28,-33,+43,-64,+77
+8,+17,+60,+94,-99
-1,+7,-13,+33,+80,-82,-87,+91,+97
+34,+51,-69,-82,+86,+98
-19,-39,-42,-58
-6,-36,-45,-65
+24,+35,-36,-46,-49,+52,-60,-62
-19,+34,+56,-79,-83
+17,-27,-35,-40,-72,+85
-10,-63,-65,+89
-2,+15
-18,+22,-74,-77
+14,+19,+78
-26,-66,+91
-1,+6,+72
+38,+72,-86
+18,+19,-31,-61,-73,+90
-1,+15,+18,+20,+52,+90,-96
+4,+24,+27,+28,-60,+62,-82,+86
+14,-84
+1,+12,-58,+78,-92
-17,+20,-69
+33,-85
+9,+11,+13,+48,-57,+60,+80,+81
+7,+12,-54,+90
+36,-45,-57,-85,-98
-9,+68,+79
-18,+27,+37,-67,+73
+1,-7,+63,+82,+83
+4,-6,-39,-59,+70,-75,-94,+96
-3,+5,+41
-11,-33,-43,+86,+88
-6,-29,-44
-1,+23,+62
-20,-22,-45,+47,-48
+26,+64,-65,-79,+89
-7,+38,+65,+74,-86,-90
+3,+59,-62
+49,+60,+71,+74
+28,-42,+46,-57,-62
+11,-18,-27,-44,-49
+11,+67,+68,-84,+88,+90
-2,+13,+14,-29,-32,+59,+96
+16,-31,-40,-77
-12,+24,-25,+91,+94
-16,+18,+19,-21,+23,+24,-26,-31,+91
-11,+77,-83,-95
-69,+90
-20,-29,+41,+52,-70
-4,-54,+62,+63,+82,+97
+15,-33,+68
+7,-47,+52,+69,-97
-1,-17,-25,+53,+90
+1,-5,-44,+50,+72,+86
+5,-16,+27,-66,-73
-39,-44,+91
+8,-22,-25,+35,+61,+93
+1,+10,+74,+81,+90,+92,+97
-28,-37,+48,+49,+56,-66,-93
-20,+39,-44,+55,-72,+77,-97
-14,+55,+59,-88
-28,-41,+60,-72,+97
-43,+62,+95
+40,+50,+64,-70,+73,+91,-93
-29,+49,+78
+11,+12,-17,-31,+39,-41,-91
+53,+95
+3,-35,+46
+18,-33,-38,-42,+55,+60,-73,+77,-99
+20,-27,-95
+3,+38,-48,-59,-96
+37,+39,+57,+93,-96
+23,-54
+12,+62,+65,-92,+98
-48,+51,-61
+35,+36,+67
+34,+40,+55,+70,+77,-82
-17,-34,-94
-7,+26,+31,+40,-52,-93,+96
-3,+14,+16,-37,-39,+48,-54,-58
-6,+57,+62,-77
+15,+42,-77
+31,+87
-54,-64,-87,+94,-100
+20,+23,-30,+36,+88,-92
+39,+53,+54,-89
+2,-5,-29,-33,+61,+62,-69,-74,-80
+16,+18,+35,-48,+55,-56,-93
+1,-11,+27,-38,-70,-76,-89
-10,+55,+62,-63
+5,-24,-44,+49,-56,-71,-75,-80
-5,+7,+47,-73,-87,-91,-95
+58,+65,-76
+35,-48,-75,-78,+91
+6,+10,-16,-40,+87,-92,+99,+100
-1,-18,+44,-54,+74,+76,+89,+90
+69,+82,+85,+87
-17,-58,-81,-87
-6,-16,-27,+70,+71,-77,+98
+29,+67,+93
-2,+29,-50,+58,+80,+86
-22,-41,+54,-95
+86,-99
-9,-24,-27,-48,-60,+84,+85,-96
+26,+58,-63,+70,+97,-98
+6,-35,+38,-47,-50,-86,-91,+97,+98
+29,-44,+48
-4,+13,-14,-17,-95,+100
-19,+29,+82
-5,-44
+16,+28,+52,-53,+70,+71,+82,+90,-98
+16,-22,-66,+70,-78,+81,-82
+1,-23,-27,-39,-82,+98
+63,-76,+93
+28,-59,-68,+100
+10,-72,-74,+80
+36,+37,-46,-69,-75
+6,+30,+47,+57,+58,-61,-71,+86,-97
-39,+42,-48,+51
+6,-44,+60,+100
+50,-57,+66,-73,+97
-17,+35
+26,-30,-52,+55,+61,-68,-71,+92,-100
-4,+7,-19,+32,-37,-53,+56,-59,-89
+3,-25,-34,+45,-46,-64
-11,+13,+52,+91
+1,+56,+83
-20,-46
-39,+54,-91
+13,-19,-61
+6,-10,-29,-38,+58,-72,-84
-6,+14,-52,-66,+72,+79
+13,+38
+5,-100
+13,+23,-51,+67,+82,-88,-98
+30,-31,-53,+77
-43,-54,-59
-37,-92
+33,-46,-61
+7,+9,-17,-35,+38,-48,+63,+81
+8,-45,-57,-63,+86,+91
+48,+88,+93
+6,-26,+40,-42,-62
-48,-58,+61
-4,+8,-11,-60,+85
-38,-50,-52,-74
+11,+17,-30,-60,-68,+87,-97
+5,-18,-24,-27,+39,+54
-15,-36,-45,+54,+74,-95
+19,+29,-34,-42,+51,+57,-68,-87
+20,+31,-36,+63
+18,+41,+42,-45,-51,-66,-81,-91
+18,+26,-82,+90
+56,+83
-13,-44,+53
-13,-74,+78
+25,-52,+57,+74
+41,+46,+51,-64,-70,+77,-96
+34,-38,-55,+82
+30,-57,+64,+65,+67,+89,+90
+39,-42,+44,-76,+82,+83,+90
-2,+13,+34,+47,+58,-84,-89,+97
-5,-36,+42,-56,-73,+80,+94
+4,+5,-7,-21,-36,-42,-70
+1,+99
+12,+14,+74,-87,+96,+98
-4,-26,-44,+47,+48,+58,+61,+86,-94
-25,+31,-33,+84
-61,-71,-74,-79
-9,+18,+19,-56,+60
-15,-30,+53,+59,-89
-42,+58
+43,-61,+75,-86,+90,-93
+9,-44,-89
+55,+71
+35,+40,+97,-100
-9,+23,-33,+52,-96
-19,+26,-49,+55,-82,-87
+12,-17,-52,-57,+63,-65,+79,-100
+2,-17,-23,-83
-22,+53,+69
-4,-6,+45,-62
+20,+22,-48,-52,-79,+99
-9,-22,-25,+55,+57,-59,-65,+71,-79
+7,-23,+26,+30,-53,-68
-24,+39,-47,+64,+96
-2,-42,+57,+60,-66,-82
-17,-28,-41,+45,+67,+95
+32,-34,-47,-88,+93
+17,-27,+29,-30,-59,-98
-3,+15,-29,-49
-52,-60,-77
+65,-78,-82
+54,-71,-73,+88
-17,-27,+34,+73,+74,+84,+86,+97
-9,+29,+30,+32,-55,+74,+81
+27,+61,+67,-81
+5,-14,+34,-38,-51,-56,-61,-78
+1,-35,+67,+88
-24,-40,+48,-64,+72
-2,+7,-10,-22,+40,-46,+79,+81,-83
-8,-23,+28,+87
-30,-64,-78
-51,-68
+2,+5,+52,+71,-86,+95
+42,-52,-98
+21,-33,+81,-82,+90
-2,+8,-23,-32,+47,+54,+62,-75,+100
-31,-37,+59,-62,-66,+89,+90
+41,-42,-48,-71,+81,-92
+57,+59,-82,-88,+97
+3,-61,+85
-17,-34,-58,-88
-14,+57,-58,-61,+69,+91
-8,-21,-24,-52,+60,-71,-75
+6,-30,+35,-38,-77,-84
-31,-34,+45,+76,+77,+89
-32,+66,-78,-95
+1,-12,-17,-26,-29,+48,-83,+96
-13,+20,+40,-49
-26,-76,-82
+4,-13,-30,+49,-52,-74,+88,+95
+17,+47,+80,-86,-90
+18,+24,-55,+72
+21,+65,+75,-79
-13,+21,+88,+89,-95
+4,+80,-83,+100
-4,-13,-18,+29,+41,+50,-66,-78
+1,-26,-34,-39,+76,-79,-89
+4,-39,+57,-60,+64,+79
+1,+36,+54,+55,+57
+49,+50
-14,+38,-92
+42,+53,-60,+79,+90,-93,+97
-4,+12,-14,-65
-5,-17,-47,+75,-77,+80
+4,-49,+53,+58
+35,-38,-42,-51,+56,-84,+88,-95
-29,-32,+37,-60,+69,-98
-35,-43,-75,-96
+43,+52,+61
+9,+23,-39,-50,+64,+72,+90
+6,+20,+23,+53,-72,-97
+15,-20,+23,+39,-86,+96,+99
-27,-34,+49,+54,+76,+86,-92
+28,-40,-68,+84
+17,+35,-50,+62,+98,-99
+3,+5,-15,+84,-100
-16,+42,+67
-30,+38,-41,-47,+81,-88,-96,-100
+8,-9,+30,+32,+34,+51,-89
+4,-20,+30,+32,+58,+88
-8,-43,-62
-18,+87,+88,-94
+19,-49
+5,-20,+32,-40,+46
+11,-34,+39,-61,-73
-3,-7,-14,-35,-75,-92
+8,+12,-22,-92,+94,-95
+3,-67,-79
-5,+38,+44,-53,+83,+84,-91
