100
900
+8,+80,+97
-17,-34,-58,-88
-14,+57,-58,-61,+69,+91
-8,-21,-24,-52,+60,-71,-75
+6,-30,+35,-38,-77,-84
-31,-34,+45,+76,+77,+89
-32,+66,-78,-95
+1,-12,-17,-26,-29,+48,-83,+96
-13,+20,+40,-49
-26,-76,-82
+4,-13,-30,+49,-52,-74,+88,+95
+17,+47,+80,-86,-90
+18,+24,-55,+72
+21,+65,+75,-79
-13,+21,+88,+89,-95
+4,+80,-83,+100
-4,-13,-18,+29,+41,+50,-66,-78
+1,-26,-34,-39,+76,-79,-89
+4,-39,+57,-60,+64,+79
+1,+36,+54,+55,+57
+49,+50
-14,+38,-92
+42,+53,-60,+79,+90,-93,+97
-4,+12,-14,-65
-5,-17,-47,+75,-77,+80
+4,-49,+53,+58
+35,-38,-42,-51,+56,-84,+88,-95
-29,-32,+37,-60,+69,-98
-35,-43,-75,-96
+43,+52,+61
+9,+23,-39,-50,+64,+72,+90
+6,+20,+23,+53,-72,-97
+15,-20,+23,+39,-86,+96,+99
-27,-34,+49,+54,+76,+86,-92
+28,-40,-68,+84
+17,+35,-50,+62,+98,-99
+3,+5,-15,+84,-100
-16,+42,+67
-30,+38,-41,-47,+81,-88,-96,-100
+8,-9,+30,+32,+34,+51,-89
+4,-20,+30,+32,+58,+88
-8,-43,-62
-18,+87,+88,-94
+19,-49
+5,-20,+32,-40,+46
+11,-34,+39,-61,-73
-3,-7,-14,-35,-75,-92
+8,+12,-22,-92,+94,-95
+3,-67,-79
-5,+38,+44,-53,+83,+84,-91
-22,+53,+57,+92
-13,-26,+29,+57,-61,-69,-76
-57,-82
-13,+28,+42,-46,-54,+74,+79
-26,-28,-52,+64,-69,-92,-98
+21,+37,-75,-77,+93,-99
-69,-72,+90
+5,+59,-71,-85,-94,-97
+14,+15,+27,-40,-71
-7,+44,+53,-79
-19,-36,+82
+38,-61,-80
-3,+25,-27,-49,+60,-79,+89
-15,+39,+43,+44,+48,+77
-12,+65,+75,+79,+80
+53,-64,-88,-92
+12,+18,+42,-57,-75
+28,+91
-35,-38,+46
-12,+19,+44,+52,+61,-62,+86,-92
-25,-63,-96
-27,-35,-71
-11,+29,+47,-49,-68,-83
+33,+86
+3,+9,-34,+41,-59
-49,-58,-98
+48,+54,+57,-87,+100
-44,+64,+83,+84,-96
-14,+46,-83
-28,-63,-76,+87
+43,+100
-54,-89
+3,+51,-69,+75
+30,+33,+38,-67,-76
-8,-20,-55,-88
-2,-9,-48,+52,-69,-84
-3,+6,-13,-41,+52,-67
+15,-25,+81
+24,-67,+71,-83,-87
-13,+33,+44,-45,+72,+80,-98
-43,+87
-19,+28,+29,-50,-60,-98
+30,-35,+45,-46,+52,+65,-84,-99
+1,-5,+16,-53,-67,+70,+71,+91,+93
+19,+63,+68,-70,+83,-84
-55,+59,-82,-88
+1,+13,-18,+22,+39,+49,-56,-59
+1,-12,+21,+26,-47,+99
+41,-57
-3,-42,+67,-69,-97
-15,+46,-53,+77,-81,+89
-30,+32,+33,-39,-54,-68,-76
+28,-41,+45,+54,+80,-86
-3,+7,-27,+40,+69,-89
+36,-47,+89
-40,-63,+73,+78
-24,+41,+42,-64,+68,+91
+6,-8,+25,-34,+36,+40,-69,-87,+95
+2,-18,+50,-60
+24,+25,+37,-51,-68,+82,-88
-9,+60
+13,+19,-71,-79,-83
-9,+19,-26,+57,+58,-68,-74,+82
+61,-69
+12,-54,-67,+81,-94
+14,+15,-85,+97
-10,-17,-48,-67,-83,+94
-32,-37,-43,+67,-100
-3,+32,+59,-87,-90
-46,-64
-16,-39,+75
-38,-41,-82,+92,-93
+12,+29,-42,-65,-67,-70
+17,+52,-75,-100
+8,-23,-31
-58,-66,+88,+97
-7,+35,-54,-78,+97
+3,+16,+52,+82,+89
-8,-14,-21,+70,-71,-79,-90,-97
-36,+48,-72,-86,+92
-9,-15,+38,-48,-57,+67,-78,+83,+84,-91
+5,-21,+48,-56,+90,-98,+100
+1,+18,+44,+46,-78,+90
-22,-48,+59,-65
-7,-14,-43,+54
-2,+41,+58,+64,+72,+73,+100
+4,+16,+41,-55,+75,-77,+83,+97
+14,-16,+55,+61,+83,+94
+21,-72
+7,+12,+42,-56
+1,-3,-20,-28,-33,-50,+57,-58,+94
-10,+19,-50,+71,-90
-4,-26,+76,-95
+17,-38,-62,+65,-66,-85,-91
-9,-34,+52,+93
-33,-62,+67,-84
-36,+46,+90,-96,-100
+13,-33,+48,+53,-69,-72,+77,+88,+90
+9,-13,+40,-56,-75
+26,+50,+53,-62,-70,-75
-22,-26,+59,-93
-9,+15,+38,+42,-43,+58,-60,+68,-75
+33,+47
+2,-6,+25,+37,-65
+5,-23,+28,-33,+89
-6,+16,-61,+86,-93
-11,+94
-58,+65,+66,-71
-17,-32,-41,+46
-5,-35,-39,+70,+83
-24,-26,-41,+44,+88
-19,-26,-88,+92
+12,+13
+35,+40,+41
-2,+49,+50,-64,+81,-88,-96
-22,+30,+55,-60,+74,+93
-32,-85
-3,+6,-38,-43,+93,-94
+9,-10,+35,+48,-59,-86
-6,-16,+34,+58,+90,+92,-94,-96
-5,-31,-40,-80
-21,+24,-40,-43,-45,-67,-90
-36,-38,-59
-36,+51,-57,-99
+8,-14,-19,-59,+62
-10,-37,-46,-61,-74,+76,-77
+95,+97,-100
-4,+29,+30
-56,-63,-99
-9,+31,+49,-71,-91,+99
+38,-42,+69,+78,-81
+54,+61,-68
-22,-66,-83
+3,-20,+79
+43,+46,-52,-66
+23,+31,-47,+62,-87
+40,+61,+71,-72,-90
+16,+17,+52,+84,+87,-89
-15,+24,-46,-65,-92
+2,+14,-20,-32,-47,-55,-71,+97
-32,+71,+76,-89
-9,+19,-24,+40,+73
-23,-33,+42,+43,+94
-20,+34,-40,+44,-70,+92
+28,-92,-94
+16,-41,+44,-78
-42,-61
-11,+31,-39
-10,+12,+18,+44,-58,-70,+93
-1,-22,-65,-86
-41,-46,-76,+92,-96,+99
-8,+14,-28,-37,-93,+95
+54,-98
-21,-25,-39,-43,+71
-6,-22,-83,-97
-20,-30,+32,+37,-46,-52,+60,+65,+75,+76,+90,+97
-27,+71,-77,+89,-90
+7,-38,+57,+65,-68,-98
+39,-53,-71,-76,-88
+12,-15,-22,-35
+5,+23,+66,-76,+88,+95
+5,-17,+21,+24,-62,-75
+1,+10,-22,-27,+30,+32,-40,+45,-86,+93,-98
+3,-12,+39,+52,+57,+90,-99
+14,+44,-62,-70,+72,+83,+96,-99
+25,+34,-74,-80,-84
-28,-59,+73,-76
+10,+27,-49,-91
-7,-49,+56
+13,-19,+49,+72,+75,-91
+8,-26,-68,+73,-77,+81
-13,-49,-54,-66,-99
+6,+32,+37,-45,-61
+16,-30,-33,-47,+56
+28,-36,+71,-100
-28,-37,+45,+63,+64,-95
-22,-32,-36,+44,-49,+67,+71,+83
-35,+53,+79
+14,-40
-6,+16,-23,-35,-43,+69,+90
-2,+9,-12,-34,-58,-67,+84
-21,+44,+63,-73,+88
+9,+25,+72,-89,+99
+22,-53
-4,-6,+33,-35,-42,-48,+56,-73,+94
+3,+5,-16,-45,-61,+78,-80
+2,+13,+35,+67,+100
-9,-12,+34,+63,+73,-76,+86,+93
-52,+55,+66,+88,+93
-7,+22,-41,-43,-61,-70,-82,+89,+92
-17,+39,+67,-68,+81,-86
-4,-13,+20,+31,+67,+75
+1,-2,-28,+54,+66,+94
-27,+37,-41,-88
-3,+6,-8,-18,-35,-38,+61,+83
+26,-31,-54,-56,-81,+94,+95
-10,+19,-23,+72,+79,-99
-30,-38,+66,+79,-87
+14,+51,+73,+75,+80,+89
-3,-44
+2,-7,+45,+48,+53,-56
-10,-34,-62,+68,+70
-2,-17,-23,+39,+40,+51,+57
-6,-23,+40,-75,+86,-92
-5,-26,+88
-11,-27,-41,+47,+48,-80,+99
-11,-57,-81
+14,-28,-33,+75,-100
+21,-22,-52,-70,-100
-8,-23,-51,-55
+36,+43,+59,+75,+76,-78
+73,+88
-6,-13,-21,+23,-26,-48,+61,+64,-97
-20,-23,-26,-30,+38,-88,-92
+14,+42
-1,-13,-27,-31,+40,+51,-52,+73,-97
-24,-30,+34,-38,-56,-60,+75,+84,-93
+49,-64,-94
-14,-20,-37,-58,-62,+91,+92
-21,-56,+77,+94
+24,+25,+46
-2,-34,-39,-56
-19,-21,+27,-30,-63,+83,+89,+98,-99
+6,+12,+22,-58,+77,+86
-14,-23,-31,-41,-52,+72,+73,+81
+5,-37,+67,+85,+88
-4,-46,-57,-92
+63,-67,+77,-78,-81,+83,-84,+90,-92,+98
+31,-37,+48,+53,+94
-12,+27,+29,-69,-72,-85
-53,+73,-79,+95
-23,+25,-50
+13,-17,+34,+48,+49
-14,-45,-49,+53,+94
-41,+51,-57,-62
-23,+38,+41,+43,-62,-74,+76,-77
+39,+40
-1,-52,-55
+4,+15,-18,+20,-37,+43,+67,-68,+78
-4,+10,-18,+23,-33,-37,-44,+50,+53,+54,+56,-62,-79,+91
+7,-21,+31,+59,+78,+79,+86
-85,-93
+21,-35,-42,+90
+25,-30,-43,+56,+62,+63,-65,-67,+98
-2,+6,+19,+64,+92,+94
+4,+25,+26,+55,+70,-81,+94
-5,-46,-50,+73,+74,-86,+90
-6,-9,+12,+44,-47
+6,-72,+93
+4,+38,-50,+53,+56,-63,+72
+20,+21,-34,+67,+80
+32,-34,+56,+60
-4,-53,-68
+37,-53,-57,-85,+94
-8,-17,-41
+73,-90
+23,+27,-45,+54,-74,-96
+5,+7,+29,-30,-34,-53
-78,+85,+89
-13,-31,+51,+74,-79
+46,+54,-61,+67,+80,+88
-13,-18,+26,-36,-41,-87,+94
-10,+37,+49,+64
-10,-28,-33,+37,+41,+42,+44,+46,-57,-77
+6,+7,+21,+22,+44,-51,-71,-84
-15,-51,+62,+67,-73,-86
+8,+11,-16,+25,-53,-79,-99
+2,-3,-9,+21,-33,+36,+43,+56,+88
-14,-18,-31,+80,-90
-8,-12,-28,+50,+51,+95
+72,+84,+87,+95
-5,+41,-68,-81,+95
+27,-51,+91
+11,+12,-24,-41,+49,-98
+5,-37
+1,+14,-21,+37,+52,+53,+68,+86
+19,-33,-75
-5,-14,+20,-21,-43,-57
+17,+42,+50,-51,+72,+73,+80,+88
+18,-64,-77
+12,-15,-44,+54,+83
+14,+59,-60,+72,+80
+59,+62
+1,-5,-10,+33,-64,-68,+71,-86,-99
+4,+35,-83
+36,+38,-55,-64,+67,-77
-11,+28,-44,+54,-63,+85,-95
+2,+64,+95,+99
-23,-39,+45,+47,-72,+76,-79,+85,+100
-20,-25,-29,-60,+63,-66,+79
+3,+4,+34,-39,+63,+71,+81,-82,-92
-16,+44,-98
-51,-67,+73,-82
-58,-72,+81
-4,+27,+28,-30,-32,-40,+43,-49,-72,+89,-95,+100
+11,+24,+51,+58,+93
+32,-46,-69,-81,-88
-9,+49,-87,-91,+98
-4,+52,-54,+63,-64,+89,-96
-11,-39,-43,-48,-50,+69,+83
+11,+30,+45,+60,+86,+88,+99
+13,+15,+33,+44,-91
-22,+35,+91
-3,-10,-13,-24,+27,+29,-36
-14,-72
-8,+12,+29,+32,-34,-77
+26,-54,-62,-77,+87,+88,+90
+17,+23,+34,+39,+73,-84,+92
-30,+34,-40,-66
+8,+18,+46,+53,-77,-83,+89,+95
+11,+24,-41,+61,+69,+87,+89
+1,+29,-58,+87
+25,-48,-51,+62,-98
+4,-17,-63,+73,-75,+86,-87,-100
-14,+39,+48,-62,+65,-69,-75
-3,-9,-52,+95
+47,-55,-65,-82
-7,-25,-32,-85
-6,-27,-65,-78
+48,-51,+57,-66
+2,+5,+7,+12,+23,-36,-74,+83,-99
-7,-79,-92,+95,+97
+15,+18,+49,-94
+17,+48,+73,+74
+45,-60,+94
+1,-6,-19,-49,-61
+1,-17,-22,+37
+5,-9,-15,+30,+35,+47,+50,+54,-89
+27,-38,-43,-49,-66
+24,-66,-74
+36,+62,-65,+74
+47,-48
+3,-12,+28,+44,+45,+52,+54,+69
-20,-31,-47,+50,+71,+94
-1,-5,-27,+46,-93
-48,-60,+93,+95
-2,-50,+65,+69,-89,-96,+98
-46,-87
-22,-51,+54,+58
+16,-17,-56,-61,-85,+94,+95
-27,-53,-57,-90,-94,-99
-4,-49,-54,-60,+82,+90,-91
+5,-8,-43,-51,+98
-17,-24,-29,+48,+86
-34,+44,-73
+9,-11,-56,+63,+93,-100
-8,-11,+16,+57,+59,+86
-7,+53,+82,+83,-94,-97
+1,-2,-40,+89,+98
+13,-76,+81,+82,+88,+94,-98
+12,-35,-50,-68,-95
+50,-66,+78,+89,-94
-14,-19,-39,+52,+59,+64,+65,-82
-2,+7,+10,+36,+54,-64,+71,-74,-89
-7,+17,+26,-29,-49,+61,-71,-96
-6,+40,+66,-73,-78,+94
+19,-91
+59,+87,-92,-99
-42,-51,-100
+3,-4,+9,+45,-46,-70,-79,-81
-53,+69,+87
-8,+29,-43,+60,+62,+86,+89
-50,+74,+76,-78,+95
+4,+12,-22,-24,+38,-83,-85
-53,+57,-90,+98
+5,+24,+59,-87,+95,+100
-15,-35,+53,+59,+75,+94
+25,-36,-47,-51
-3,+6,-30,-39,-43,-58,+84,+85,-96
+9,-17,+35,-36,-49,-99
-52,+69,-94,-97,+100
+14,-47,-50,-74
-3,+24,+65,-77,-85
-5,+8,-10,-28,+40,+41,+45,-70,-74,+89,-93,-95,-99
+48,-55,+82,+87
+7,-10,-35,+47,-65,-96
-50,-55,-64,+66,-87,+99,+100
-6,-22,+28,+34,-49,-85
+24,+34,-47,+51
-32,-37,+64,-87
+22,+50,+56,-83
-30,+45,+80
+11,+18,-42,+83,-98
+35,+73,-85,-96
-5,-27,+37,-58,+69,+89,+94
+8,-24,-49,-90
+5,-7,-48,+52,-55,+90
-4,+11,+27,+32,-62,+87
-35,-39,+70,-71,-80
-9,+16,+38
-7,-39,-92
+25,+31,-58,+83
-29,+77,+78
+18,-23,+27,-29,+48,+60,-69,+75
-38,-51,+65,+97
+11,+22,+83,+89
+42,+44,+65,-95
-38,+45,+99
-36,-67
-18,+33,+38,+85,+94
-43,-61,+68,-95
-5,-33,-46
-10,+18,+19,+30,+34,-41,-55
+5,-6,-9,-18,-46,+58,+69,-97
+20,-35,+44,-76,+85,+86
+8,-24,+72,+91,+100
+46,+54,+79
-8,-26,+42,-68,-81,-98
+26,+76
-38,-75,-93
-4,-32,+37,-45
+17,+31,+42,+86
+14,+16,+43,-58,-96
+51,-53,-71,-87
+31,+32,-66,-85
-17,-30,-69,+73,-78
+1,+14,-17,-75
-28,+82,+91
+10,+53,-56,-77,-85,-97,-100
+6,+39,-40,-43,+52,-65,+97
-28,-39,-50,-92
-26,+50,-56,-59,+76,-78,+96,+98
+41,+49,+85
-28,+46,+53,+58,+86,+87
-5,-12,-20,+39,+40,+47,+89
+40,+48,-69,-75,-84,+98
+4,+21,+32,-47,-81
-1,+22,-23,+84,-96
+1,+44,-47,+53,-60,-66,-95
+20,-32,-36,-42,+53,+83
-25,+42,+64,+72,+90
-26,-66,+71,-79,-99
+12,+40,+43
+5,+7,-18,+44,-78
-47,+85,+88
-4,-22,+29,+78,+95,+100
+28,-64,+70,+73,-81
+44,-56,-68,+88
-23,+25,-29,-41,-77,+83
+4,+24,-49,+81
-1,-34,-39,+67,+79,+84,+85,+99
+35,-56,+62,+94,-97
-20,+41,+46,+68,+79,+89,+100
-11,+28,+29,-38,+63,-68
-51,-55,+73,-79
-34,-52,-85,-90,+100
+31,+56,+72,+79,+89,-90
-2,-32,-37,+71,+86,-97,-100
-1,+36,+37,+45,-51,-78,+83
-14,+60,-90,-98
+20,+31,+64,+70,-72,-77,+89,+92,+100
-2,+22,-33,+41,-71,-82,-98
+6,+14,+44,+64,-80
-20,-39,-80,+85,+98
+5,+6,+55,-65,-74,+94
-39,+61,+69,+92,+93
+19,-65,-71,+77,-80
+57,-61,+67,+72
-23,+26,-38,-40,+54,+90,+93,+94,-96,+98
-6,+44,-65,-72
+8,+30,+78,-79,-88,+95
+2,+9,-18,+49,-64
-17,-20,-62
+22,+46,-49,+71
+18,-46,+72,+96,+99
+3,-4,-81,-88,-98
-1,-24,+29,+42,+79,-90
-33,-52,+61,-62,-85,-92
+20,-39,+64,+75,+82,-88,-94,-99
+20,+38,-54,+58,-76
+27,-32,-45,+67,-82,+92
-12,-25,-77
-6,-38,+44,-49
-19,+28,-57
-5,-41,+77,-86
-23,+40,+96
+1,+10,-30,+36,-77,-100
+40,+41,+64,+84,-89
-42,-47,+74
+20,+23,+30,+70,+93
+24,-79
+6,+7,+15,+55,-76,+96
-2,+15,-47,+56,-71
-11,+16,-48,+94
-5,+11,-14,+25,+26,-53,-56,-99
+15,-19,+25,+64,-67,-74,-93,-99
+24,+67,-71
+32,+40,-62,+78
+7,-45,+85,-97
+5,+27,-49,+71,-81,+94
+12,-21,-44,-60
-20,+56
+17,-53
+12,-37,+41,+51,-83
-19,+26,+31,+41,+74,+76,+85,+91,-97
+2,+7,-10,-26,+36,+45,-49,-77,+81,+97
+2,-3,+12,+29,-60,+69,-72,+76,+95
-65,+96,-97,-100
-1,+11,-37,-54,-67,+69,+72
-5,-11,-23,-75,-92,-99
-9,-27,+38
-36,+49,-53,-66,-100
-7,+16,+18,-23,-63,+81,+91,-92
-19,-50,-69,+72
+14,+22,-25
+43,+51,+52,-65
-7,-14,-24,+32,+42,+70,+79
-23,+40
+37,+40,-57,+63,-64,-73,+86
+12,-13,+25,+42,-43,-54,+85
+1,+22,-23,+27,-42
+42,+45,+52,+61,+69,-91
+5,-58,-62,+65,+73,+95,-97
+16,-25,+96
-20,-22,-37,+43,-79
-13,-33,-50,+63,+88,-92
-1,+41,-46,+69,-81
+31,+45
-4,+21,+38,+43,+56,-71,+79,+81
-9,-26,-78,+82,+84,-90,-94
-11,+32,-70
-9,-21,+43,-90,-93,-99
+3,+8,-40,-65,-99
-53,+60,+81,+85
+21,-41,-70
+4,-6,+58,-66
-70,+79,+83,+84,+89
+15,+18,+19,+31,+71,-80,-83
-20,-65
-17,-54,-61,-70,+74,+83,+98
-50,-53,-56,-60,-78
-22,+43,-65,-76,-82,+92,-98
-19,-43,-50,-62,-69,-81,-84
+14,+34,+39,-40,+64,+87,-89,+93,-97,-100
-14,+22,-38,-71,-93,+95
-9,+37,-47,-60,+66,+81,+86,-92
-1,-23,-36,-70
-33,+45,-51,+78,-79,+88,+94
+18,+31,-34,-69,+77,-78,-84,+91
+3,-35,-42,+50,-67,-74,-83
-20,+35,-50,+65,+79,+82,-83,-87
+18,-30,+37,+70,+73,-94
-9,-18,+96,-98
+5,+7,+14,-29,+33,+42,+43,+50,+56,-65
+14,+21
-13,-20,-44,-59,+77,+79
+8,+22,+44,-45,+59,-90,+93,-95
-11,-34,+40,+67,+69,-74
+5,+16,-39,+58,-79,+89
+23,+25,+36,-61,+79,+80,-89,-94,-96
+7,+29,-56,-73,-78,-85,+89
-40,+72,-73,+77,+82
+15,+34,-53,+60,+100
+1,+18,+20,+51,+56,-79
+48,+50,-92,+96
+3,-8,-35,-82,-88,+99
-44,-59,+74
+22,+23,+31,-43,+52,-66,-97
+2,+9,-10,-17,-79
+2,+6,-21,+24,+36,-84
+44,-78
+14,-46,+57,-60
+3,-23,-89
+16,-19,+21,+23,-30,-63,-68,+99
-9,-14,+24,-31,-38,-42,-53,+56,-59,-69
+56,+59,-69,+98
+5,+8,+66,-67,-97
-54,+77
-40,+55,+66,-88
+56,-57,+69,+87,+98,-100
-14,-37,+55,+73,-76,-85
+24,+26,+66
-30,+38,-42,-69,-74,+88,-95
-28,-45,+61,+65,+66,+88,+94
-19,+21,+62
-42,+69,-76
-26,-61,+92
+7,+67,-68,+78
+9,-15,+20,+28,+41
+77,-85,-93
+13,+42,+47,-63,+68,+78,+79,+91,+92,+99
+9,+10,+14,-38,+68,+84
-25,+55,+80
-23,+52,-57,+62,+66,-67,-84,-94,+98
-8,+16,+17,-32,+52
+10,+28,+31,+48,-59,-64,-72,-83
-13,-19,+49,-79
+46,-56,-81,-83
-18,+26,+64,+89
+4,+5,+15,-54,-87,+97
+27,-51,-77,-86,+89
-1,+13,+25,+56,-63
+35,-38,+84,-87
-3,-40,-60,+71,+72,-80,-96
-45,+83
+53,+65,+71,+86,-94
-5,+10,+36,+65
+31,+60,+90
-21,-26,+61,+66,+67,-93,+99
-14,+22,-26,+44,+46,+59,+61,+66,-77,-79
+38,-80,+97
+36,+49,-54,-64,+79,-80,+90
-2,-44,+97
-23,+34,-48,+52,-55,+87
-1,-29,-71,-77,-80,+98
-12,+15,-67,-86
-2,+9,+21,+43,+100
+5,-19,+28,+30,-75,-78
+3,+12,-29,-57,+76
+48,-68,+73
-28,-71,-82,+87
+1,-42,-56,+63,-69
-7,+11,-17,+51,-57,+78,+85
-25,-80
+16,-49,-54,+57,+95
+8,-17,+21,+23,+46,+47,+64,+72,-75,+81,+82
-81,-99
-4,-9,+64,+67,+93
-17,-34,-85
+13,+42,-73,-75,+80
-18,-25,-69,-78,-97
+10,-24,-30,+45,+50,+65,-91
-31,-53,-83
+7,+8,-21,+24,+30,+44
+21,-44,-54,+56,+68,+82,+83,+86,-92,-98
-36,+40,+47,+68,-69
-28,-65,-74,+76
-4,+25,+99
-90,-99
+15,-31,-40,-57,-77,+91
-5,+11,-15,-69,-80
+13,-28,+55,+60,+89
+2,-11,+27,+40,-42,+84
+28,+72
+11,-15,-43,-97,-99
+20,-29,+34,+36,-56
+12,-19,-38,-45,+53,-61,+80,+100
-18,+31,-43,+62,-65
+1,-13,-48,-54,+79,-90
+44,-48,-90,+96
+5,-30,-39,-45,-50,-56,+66,-75,-81,+97
+19,-27,+36,-55,-66,+73,-80,-92
-9,-21,+27,+29,-78
+48,-71,+96
+7,+27,+28,-64,+100
+24,+39,+47,-51,-66
-16,+40,-69,+80,-87,-93
+14,-95
-22,+32,+41,-94
+3,+19,-20,+23,-88
+12,-56,-58,-68
+32,+42,-44,-52,+63,-70,+91,-98
-17,-19,+22,+65,+68,-80
+27,+28,-33,+60,-61,+99
-15,+21,+33,+72,+95
-8,-40,+100
+10,+28,+78,-81,-98
+7,+18,+47
-15,-20,-35,-73,-96
-53,+84
+2,+41,-67,-79
+14,-18,+24,+25,-44
+10,-24,+38,-41,+89
+2,-42,-49,-55,+67,+70,-76
-9,+69,-97
+3,+55,-84,+90
-15,-18,-37,-68
-2,-4,+12,-42,+95
-14,+52
-5,-50,+62,-91
-14,+23,-76
+68,-69,-75,-78,-81,+99,+100
-15,+44,+74
-54,-63
-32,-36,+92
+6,+26,+37,-40,+47,-52,-57,+83,-100
-29,-50,-61,-65,+73,+74
+4,-5,+10,-85
+27,-38,+44,-45
-1,+19,-36,+64,+68,-81
-29,+33,+70
+8,-11,-17,+49,+96
-37,+52,-70,-90
-3,+15,-26,-34,+69,+77,-85
+51,-56,+66,+94
-27,+40,-69
-31,+60,-61,-77
+64,-78,+98,+100
+3,+33,+52,-91
-7,-12,+38,-64,-69
-1,-15,-50,-64,-68,-81
-16,-21,+74,-80
-2,-25,+35,+92
-29,+66,+79
+26,+37,+39,+83,+91,+98
-13,-44,-56,+64,+67,-70,-97
-6,+15,-18,-28,-32,+52
+50,-82,-95,-99
+17,-33,+53,+62,+96,+97
+31,+32,-64,+83,+85
-13,-16,-31,-39,-47
+1,-10,+17,-25,+61,-70,+86
-56,-59,-69
-9,+67,-68,+76
-1,-5,-48,+58,+85,-87,+90
-4,-18,-82,-97
+20,+40,-55
-5,-43,+52
-52,-95
-5,+49,+57
+2,-3,-81,+87
+25,-69,-89,-92,+98
+14,+22,-35,+66,+69
+45,-46,-84
+39,-53,+73,+80,+82,+97
-36,-78,+94,-100
+25,+29,+32,-36,+45,+49,-86
+20,-41,-65,+85
+55,+99
+32,-43,-61,-71,-94
-5,+22,-28,-77
-8,-65,-81,-96
+13,+28,+35,-36,-59,+66,+70,+76,+77,+93,-98
+14,-34,-60,-78,-92
-31,-61,+94
-10,+25,-49,-77,-92
-15,+23,+50,-66,-81,-93
-32,-81,+86
+43,+83,-93,-97
-12,-49,-72,+79,+89,-99
+10,+49,-54,-87
-5,-39,+44,+46,+54,-76,-99
-17,-27,-40,+89,+90
-5,+18,+68,-96
-4,-25,+40,+50,-52,+62,+83
-36,-52,+61,+69,+70,-76,-88,-100
+30,-39,+53,-61,+69,+90,+94,-95
+12,+17,+22,-56,-60,+83,+86,-92,-100
+2,+25,+29,+45,+58,+59,+88,-96
-36,-45,+55,-56,+61,+80,-100
-17,-19,+34,+41,+54,+66,-82,-92
+6,-10,+22,+48,-49,-96
-36,-48,+67
-8,+17,-33,-44,-95
-19,-25,+44,-64,-94
+25,+34,+52,+58,-61,+69,-94
+46,-81
+18,-29,+52,-62,-76,+84,-85
+3,-6,+8,-43,-51,-69,+83,-88,-91,-96
-4,-16,+19,+36,-48,+77,+100
-10,-29,-59,+61
-9,-41,+65,-81
+15,+42,+43,+63,+64,+78
+2,+26,-30,-43,+66,+76,-99
+6,+11,+24,-95
-20,+36,+39,+45,+51,+57,+70,+78,-97
-39,-56,-65,-68
+5,-33,-55,-68,-91,+100
-38,+61,-83,+88
+2,+8,-28,-51,+67,-86
+26,-30,-78,-84
+7,+32,-71,-84,-91
+9,+24,+29,-35,+47,+56,-63
-10,-45,+93
-35,+38,-73,+89
-4,-9,+46,+63,-74,-77,-85
-29,+32,-41,-43,+83
+9,-15,+35,+38,-53,+69,+71,+78
-25,-57,-89
+2,-3,+6,+15,-20,+36,-53,-82,-88,-95
+42,-43,+72,+75,-99
-67,-93
+24,+54,-75,-83
+88,-91,-93
+40,+74,-75
+14,-17,-34,+38,+66,-75
-10,-44,-80
+2,-6,-23,+37,-48,+55,+77,+86,-87
+4,-69,-75,+98,-99
+5,-58,-64
+26,+95
+10,-72,-81
-6,+19,+22,-42,+45,+47,+53,+92
-6,+10,-40,+65,+74,-93,+99
-22,-51,+55,+63,+67,+68,-80,+92
-4,+20,+27,-28,+57,-58,+74,-83
-16,-21,+63,+90
+12,-47,+64,-65,-69
-56,-67,-87
-1,-73
-49,-52,+63,+87
+7,+26,-31
+14,-22,+29,+57,-74,-76,+82,-87
-18,-29,+33,+35,-50,+54,-68,+89,-99
-29,-31,-37,-75
-4,+31,-53,-59,+74
+24,-61,-82,-96
-14,+33,-53,+56
-28,-55
-26,-50,-58,+62,+67,+74
+1,+9,+28,+49,-69
+9,+10,-31,-77
+25,+26,-99
-7,+13,-80
-30,-43,+45,+62,-66,+70,+87,+89,-91
-3,-41,-45,-62
+6,-29,+37,+39,-45,-50
-17,+74,-82,-86,+97
+16,+56,+57,-79,+82
-9,-31,-73,+79,+88
+60,+83,+84,-86
-17,+28,-54,-97,-99
+49,+60,+62,-94
-9,-18,+21,-22,-37,+97
+3,-8,+16,-31,+35,+74,-76,+86
-30,-57,+80,-90
+8,+20,+45,+50,-51,+67
+31,+45,-74
+15,+81,-87,-98
+1,-6,+57
+7,-10,+25,+59,+79,+83,-90
-3,-13,-40,+56,-71
-23,-36,-49,-72,+80
+11,+17,+28,-40,+44,-82,+88,-91
+2,-71,+77
-10,+16,-20,+47,-55,-68,-82,+87,-95
+6,-24,-26,-38,+52,+62,-83,-99
-13,-31,+75,-88
+28,+34,-41,-67
-31,+34
-24,+57
-17,-20,-30,-59,+89,-93
+9,-71,-87
+3,+12,+41,+55,+79,-95,-100
+15,+19,+22,-24,+74
+27,+77,-91
+47,-95
+6,-11,-21,+29,+84,-90
+4,-5,-48,+98
+3,+5,+87
+2,-16,-39,-67,-77
-44,-64
-34,-53,+55,+69,+71
-21,+29,+30,-39,+46,+60,-89,+95
+6,-9,+38,-66,-92
+30,-31,-58,-69
-4,+19,-57
+2,+17,+37,-71,-75
-68,+88
-36,+42,+50,-62,-80,+83,+98
