100
850
+44,-55,-66
+16,-20,-82,-92
-17,+48,+51,-58,+64
-2,-8,+67,+81,+82
-21,+30,-33,-57,-61,+89,+90,-97
-4,-17,+44,+46,+63,-76,+83,-84
+29,-39,+55,-66,-98
-3,-8,-38,+83,+90,-91
-1,-15,-19,-23,+33,-52,-72,+77,-84,-99
-4,-33,+35,+75
-3,-6,+19,+86,+93
+15,-20,+27,+28,+63,-76
+2,+4,+17,+18,+34,+38,-44,-68
+10,+13,+15,-29,-46,+72,-82
-9,-15,+97
-5,+26,-45,-86
+21,-34,-44,-55,+98,+99
+8,+14,+57,+95
-23,-30,+57,-78,+86
+14,-27,-50,-69,+82
+12,+13,-24
+25,-26,-37,-52,-55,-76,-88
-14,-19,+25,+26,+54,+86,-91,+98
+34,-63,+66,-75,-78
-23,+28,+57,-72,+76
+10,-32,+41,-42,-45
-47,+57
+10,+18,-26,-33,-72
-6,+9,-10,+44,+56,+80,-81,+98,+99
-10,+26,+44,-50,-94,+98
+29,-51,-55,-67
-4,+21,+45
+28,+91
-2,+8,+56,-87,-96
-3,+38,-100
+14,-25,+64,+65,-74,-97
+34,+58,+75,+85,+86,-89,-99
+28,-67,+70,-76,+79
-1,+25,+34,-72,+88
+78,-85,+94
+20,-28,-45,+63
-17,+54,-58,-80,+83,+89,-96,-99
-32,+35,-47,+60,-65,-81,+84,-87
+19,+31,-53,-62,+73,-74,-92
+11,-39,+41,+80
+29,+84
-19,-48,-74
-67,+82
-12,+41,-47,-89
+7,+34,-38,-57,-66,+86,-100
-34,+42,-80,-94,+100
-28,+41,+66
+10,-16,-26,+33
+5,+41,+51,-79,+95
+58,-59,-81
-20,-71,-82,-87
+9,+61,-74,-89
+14,+19,+35,+37,-45,-63,+66,-76,+91
+16,+21,+36,-73,-85,-91
+34,-54,+68,-70,-90
+76,-77,+89
+9,-11,-15,+42,+58,+60,-82,+85,+87
-3,+16,+65,-70,+98
-8,-43,-82,+86
-28,-40,+60,-70
+23,-59,-68,+74
-11,-20,-27,+31,-44,+68,+70
-10,+13,-28,+78,+91
-3,-53,-82,-93
-4,+24,-29,+32,-71
+3,-5,-14,-40,-51,+62
+1,-50,+55,-68,+86,-96,+100
+33,+89,+94
+8,+26,+33,+34,+95
-28,+31,-44,-61,-98
-23,+77,+85,+88,+95
+7,-18,+40,+59,-65,-82,-84
+68,-85,-90,+93
-1,-60
-18,+33,-58,+76,+79,+85
+18,+29,-63,-92
+34,-48,+83,-85
+22,+31,+71,+92,+93
+32,+73,+88,+100
-21,+87,-90
-16,-20
+24,+55,-72
-6,+28,-51,-55,-67
-2,-46,+48,-49,+59,-63,-66,+70
+8,-19,-30,+69,+93,+96,+99
+9,+27,-32
-36,+41,+45,-57,+59,+63
+17,-42,+64,+68,+80,-97
+10,+20,-29,-81,-100
+6,+10,-13,-61
+10,-25,+36,+42,+45,+47,-61,-77
-15,-39,-44,-57
+21,+26,-29,-42,-84,-89,-96
+10,-12,-15,-36,-59
-1,+48
+3,+67,+91
+41,+42,-57,+95
+9,-18,+39,+55
-12,+16,+18,-21,+29
+10,+16,-53,+100
-1,-75
+1,-42,-46,-50,+77
-1,+14,-79,-89,+100
+31,-36,-53,+60,+65,-70,+80
+17,-19,-24,+28,+34,+45,+54,+97
-6,-19,+23,+35,-38,+44,-50,+70
+71,+88
-2,-56,-76,-79,-95
-43,-73,-82
-16,-20,+61,+72,-73,-83,-86,+89,-97,-99
-9,+22,-56,+71,+93
-2,+26,+54,-64,-72,-77
-47,-100
-11,-14,-39,+52
+15,-55,+59
-3,+28,+51,+56
+9,-63
+9,-23,-38,+43
+33,+75
-10,+27
+27,-33,+55,+56,-68,-98
-19,+23,-38,+52,+55,+57,+89
-21,+41,+61,+64,+65,-97,+99
+15,-29,+51
-6,+38,+49,-95
-22,-54,+57
+17,+18,+70
+27,+46,+48,+50,+85,-94,+97
+44,+49,-91
-22,-35,-45
+5,+16,+73,-82,-94
-4,+10,-46
+19,+20,-55,+64,+74
+7,-12,-31,+33,+38,-44,+100
+41,-43,-76,-96
+23,+25,-40,+42,+78
-48,-70,-80
-43,-66,-81
-25,-38,+60,+99
+1,-2,-16,+26,-57,-59,-82,+84,-85
+2,+11,-23,-27,+63
-44,+75
+8,+11,+40,+96,-99
+86,+97
+65,-79,+83,-94,-99
+4,+5,-21,+25,+27,+48,-55,-64,-81,-86
+33,+48
-14,-39,+50,+51,-66,-69,+96
+28,+31,+53,-68,-77
+28,-49,+61,-62
+14,-20,-32,-53,+55,+56,-58,+60,+61,-63,-68
-6,+27,-48
+19,+34,-57,-66,+78,+89
+5,-41,-91,+99,+100
+6,-34,+52,-70
+27,+44,-84,+89
+9,+23,-38,-54,-62,+90
+38,-42,-81,+87
-3,-10
+28,+42,-53,+64
+30,-76,-81
+11,+18,+27,+29,+34,+45,-59,-62,+72,+98
-3,-30,+38,+47
-9,+14,-34,-65,-74,+85,+86,+93
-25,-57,+76,-81,+92
-9,+34,-51,+92,+96
+32,-65,-78,+97
+1,-7,+10,+28,-30,-80,+99
+15,+77,+87
-28,-66,+86
+48,+49,-54,-68,+76,-78
+32,+60
-10,+14,-36,+40,-72,+83
-32,+55,-70,-75,-79,+92,+97
-33,+57,-64
+30,-33,+40,+75,-85,-96
+74,+76,+94
+2,-29,+35,+60,-91
+49,+99
+4,-85,+88,-98
+7,+14,-19,+72,+73
-31,+71,+77,+92
-30,+33,-54,-71
-44,+63,+68,+77,-89
-14,-40,+51,+53,-74,-76,+85,-91,-95
-14,-43,+94,+99
+24,+52,+79
-1,-24,+31,-37,+68
+25,-29,-91
-26,+57,+60,-67,+73
-6,-11,-17,+76,+90,+91
-30,+39,-42,-66,-70,+98,+99
-7,-13,-26,+53,+55,+72,-85,+92,-93
+38,-48,+64,-75
-8,-12,-17,-47,+92,+99,-100
-10,-24,-28,-32,+42,-61,-81,+86,-93
+2,-13,-42,+44,+84
-12,-15,+28,+95
+24,-29,+36,+37,+72,-85
+11,+13,+26,+27,+43,+47,-53,-77
+6,+19,+22,+24,-38,-55,+81,-91
-18,-24
+7,+8,-14,+35,-54,-95
+4,+30,-43,-53,-64
+17,+23,+66
-32,-39,+66,-87,+95
+23,-36,-59,-78,+91
+21,+22,-33
+7,+34,-35,-46,-61,-64,-85,-97
-23,-28,+34,+35,+63,+95,-100
+43,-72,+75,-84,-87
-32,+37,+66,-81,+85
+19,-41,+50,-51,-54
-56,+66
+7,+8,+19,+27,-35,-42,-81
-3,+7,-15,+18,-19,+53,+65,+89,-90
-19,+35,+53,-59
+38,-60,-64,-76
-13,+30,+54
-5,+37,+100
-9,-11,+17,+65,-96
-6,-12,+47
-8,+23,-34,+73,+74,-83
+43,+67,+84,+94,+95,-98
+37,-76,+79,-85,+88
+3,-10,+34,+43,-81,+97
+87,-94
-5,-8,+29,-37,-54,+72
-26,+63,-67,-89,+92,+98
-1,-41,+44,-56,+69,-74,-90,+93,-96
+28,+40,-62,-71,+82,-83
+20,-48,+50,+89
+38,+93
-28,-57,-83
-76,+91
-9,-21,+50,-56,-98
-3,+9,+16,+43,-47,-66,-75,+95
-43,+51,-89
-37,+50,+75
+4,+19,-25,-35,+42
+14,+50,+60,-88
+67,-68,-90
-29,-80,-91,-96
+18,+70,-83,-98
+23,+28,+44,+46,-54,-72,+75,-85,+100
+25,+30,+45,-82,-94,-100
+43,-63,+77,-79,-99
+85,-86,+98
+7,+18,-20,-24,+51,+67,+69,-91,+94,+96
-12,+25,+74,-79
-17,-52,-91,+95
-37,-49,+69,-79
+32,-68,-77,+83
-20,-29,-36,+40,-53,+77,+79
-2,-19,+22,-37,+87,+100
-12,-62,-91
-13,+33,-38,+41,-80
-5,+9,+12,-14,-23,-49,-60,+71
+3,+10,-59,+64,-77,+95
+4,+42,+98
-7,+17,+35,+42,+43
+4,-37,+40,-53,-70
-32,+86,+94,+97
+2,+16,-27,+49,+68,-74,-91,-93
+77,-94,-99
-10,-69
-1,-27,+42,-67,+85,+88,+94
+27,+38,-72
+1,+2,+43,-57,+92,-94
+9,+31,+40,+80
+41,+82,+97
-30,+96,-99
-25,-29
+33,+64,-81
-15,+37,-60,-64,-76
+2,+5,+8,-11,-55,+57,-58,+68,-72,-75,+79
+17,-28,-39,+78
+18,+36,-41
-6,-45,+50,+54,-66,+68,+72
-9,+26,-51,+73,+77,+89
+19,+29,-38,-90
+15,+19,-22,-70
+19,-34,+45,+51,+54,+56,-70,-86
-5,-24,-48,-53,-66
+30,+35,-38,-51,-93,-98
+19,-21,-24,-45,-68
-10,+57
+4,+12,+76,+100
+50,+51,-66
+18,-27,+48,+64
+9,-21,+25,+27,-30,+38
+19,+25,-62
-10,-84
+9,+10,-51,-55,-59,+86
-10,+23,-88,-98
+6,+40,-45,-62,+69,+74,-79,+89
+26,-28,-33,+37,+43,+54,+63
-15,-28,+32,+44,-47,+53,-59,+79
-4,+80,+97
-11,-65,-85,-88
-6,-8,-52,-82,-91
+2,-25,-29,+70,+81,-82,-92,-95,+98
-18,+31,-65,+80
-9,-11,+35,+63,-73,-81,-86
-20,-23,-48,+61
+24,-64,+68
-12,+37,+60,+65
+18,-72
+18,-32,-47,+52
+42,+84
-7,-19,+36
+36,-42,+64,+65,-77
-6,+8,-28,+32,-47,+61,+64,+66,+98
-30,+50,+70,+73,+74
-4,+24,-38,+60
-15,+47,+58
-31,-63,+66
-3,+6,+26,+27,+79
+36,+55,+57,+59,+94
+53,+58,-100
-3,-31,-44,-54
+14,+25,+82,-91
-13,+19,-55
+9,+28,+29,-64,+73,+83
-5,+16,-21,-40,+42,+47,-53
+50,-52,-85
+32,+34,-49,+51,+87
-57,-79,-89
+8,-52,-75,-90
-34,-47,+69
+10,-11,-25,+35,-66,-68,-91,+93,-94
+11,+20,-32,-36,+72
+5,-8,-53,+84
+6,+17,+20,+49
-3,-8,+95
+74,-88,+92
+13,+14,-30,+34,+36,+57,-64,-73,-90,-95
+5,+42,+57
-23,-48,+59,+60,-75,-78
+37,+40,+62,-77,-86
+37,-58,+70,-71
+23,-29,-41,-62,+64,+65,-67,+69,+70,-72,-77
-15,+36,-57
+8,+9,+28,+43,-66,-75,+87,+98
+14,-50,-100
+15,-43,+61,-79
+36,+53,-93,+98
+18,+32,-47,-63,-71,+99
+47,-51,-90,+96
-12,-19
+37,+51,-62,+73
+7,+39,-85,-90
+20,+27,+36,+38,+43,+54,-68,-71,+81
+2,-12,-39,+47,+56
+1,-18,+23,-43,-74,-83,+94,+95
+1,+5,-34,-66,+85,-90
+6,-18,+43,-60
+8,+41,-74,-87
+10,-16,+19,+37,-39,-89
+24,+86,+96
-37,-75,+95
+57,+58,-63,-77,+85,-87
+41,+69
+1,+6,-19,+23,-45,+49,-81,+92
-41,+64,-79,-84,-88
-5,-42,+66,-73
+3,+39,-42,+49,+84,-94
+83,+85
+8,+11,-38,+44,+69,-100
-7,+58
+13,-94,+97
+1,+16,+23,-28,+81,+82
-40,+80,+86
-39,+42,-63,-80
-4,-53,+72,+77,+86,-98
+3,+8,-23,-49,+60,+62,-83,-85,+94,-100
-23,-52
+33,+61,+88
-10,-33,+40,-46,+77
+34,-38,-100
-35,+66,+69,-76,+82
+7,+8,-15,-20,-26,+85,+99,+100
+1,-2,-39,+48,-51,-75,-79
-16,-22,-35,+62,+64,+81,-94
+1,+8,-9,+47,-57,+73,-84
-2,-17,-21,-26,-56
-19,-33,-37,-41,+51,-70,-90,+95
+4,+11,-22,-51,+53,+93
-21,-24,+37
+33,-38,+45,+46,+81,-94
+20,+22,+35,+36,+52,+56,-62,-86
+15,+28,+31,+33,-47,-64,+90,-100
-4,-27,-33
+16,+17,-23,+44,-63
+13,+39,-52,-62,-73
+4,+26,+32,+75
-41,-48,+75,-96
+32,-45,-68,-87,+100
-6,+30,+31,-42
+4,-9,+16,+43,-44,-55,-70,-73,-94
-32,-37,+43,+44,+72
+52,-81,+84,-93,-96
-41,+46,+75,-90,+94
+28,-50,+59,-60,-63
-65,+75
+16,+17,+28,+36,-44,-51,-90
-12,+16,-24,+27,-28,+62,+74,+98,-99
-28,+44,+62,-68
+47,-69,-73,-85
+9,-22,+39,+63
-5,-14,+46
-18,-20,+26,+74
-15,-21,+56
+3,+4,-7,-17,+32,-43,+82,+83,-92
+52,+76,+93
+6,+46,-85,+88,-94,+97
-3,+12,-19,+43,+52,-90
+1,+7,-14,-17,+38,-46,-63,+81
+2,-5,-35,+72,-76,-98
-10,-50,+53,-65,+78,-83,-99
+37,+49,-71,-80,+91,-92
+2,+29,-57,+59,+98
-37,-66,-92
-7,-85,+100
+4,-18,-30,+59,-65
-12,+18,+25,+52,-56,-75,-84
-52,+60,-98
-46,+59,+84
+13,+28,-34,-44,+51
+23,+59,+69,-97
-5,+76,-77,-99
-38,-89,-100
-7,-83
+9,+27,+79,-92
-3,-9,+32,+37,+53,+55,-63,-81,+84,-94
+34,+39,+54,-91
-8,+94
+7,+52,-72,+86,-88
+94,-95
+3,+5,-26
+16,+27,-29,-33,+60,+76,+78,-100
+4,-21,+34,+83,-88
-26,-61,-100
-46,-58,+78,-88
+41,-77,-86,+92
+9,-29,-38,-45,+49,-62,+86,+88
-11,-28,+31,-46,+96
-21,-71,-100
-22,+42,-47,+50,-89
+4,-14,+18,+21,-23,-32,-58,-69,+80
+7,+12,+19,-68,+73,-86
+13,+51
-16,+26,+44,+51,+52
+3,+6,+13,-46,+49,-62,-79
-2,-41,+95
-3,-8,+11,+25,-36,+58,+77,-83,-100
+3,-19,-78
-10,-36,+51,-76,+94,+97
+1,-3,+36,+47,-81
+10,+11,+52,-66
+6,+18,+40,+49,+89
+5,-8,+50,+91
-34,-38
+42,+73,-90
-24,+46,-69,-73,-85
+11,+14,+17,-20,-64,+66,-67,+77,-81,-84,+88
+26,-37,-48,+87
+27,+45,-50
-15,-54,+59,+63,-75,+77,+81
-18,+35,-60,+82,+86,+98
+28,+38,-47,-99
+24,+28,-31,-79
+28,-43,+54,+60,+63,+65,-79,-95
-2,-7,-14,-33,-57,-62,-75
+39,+44,-47,-60
+28,-30,-33,-54,-77
+9,-19,+66
+13,+21,+85
+59,+60,-75
+27,-36,+57,+73
+18,-30,+34,+36,-39,+47
+28,+34,-71
-19,-93
-7,+18,+19,-60,-64,-68,+95
-19,+32,-97
+15,+49,-54,-71,+78,+83,-88,+98
+35,-37,-42,+46,+52,+63,+72
+6,-24,-37,+41,+53,-56,+62,-68,+88
-13,+89
-20,-74,-94,-97
-1,-4,+7,-15,-17,-61,-91,-100
+11,-34,-38,+79,+90,-91
-27,+40,-74,+89
-18,-20,+44,+72,-82,-90,-95
-29,-32,-57,+70
+33,-73,+77
-21,+46,+69,+74
+27,-81
+27,-41,-56,+61
+51,+93
-16,-28,+45
+7,+45,-51,+73,+74,-86
-15,+17,-37,+41,-56,+70,+73,+75
-39,+59,+79,+82,+83
-13,+33,-47,+69
-24,+56,+67
-40,-72,+75
+3,-12,+15,+35,+36,+88
-9,+45,+64,+66,+68
+62,+67
-12,-40,-53,-63
+23,+34,+91,-100
-22,+28,-64
+18,+37,+38,-73,+82,+92
-14,+25,-30,-49,+51,+56,-62
+59,-61,-94
+41,+43,-58,+60,+96
-66,-88,-98
+17,-61,-84,-99
-43,-56,+78
+2,-3
+19,-20,-34,+44,-75,-77,-100
+20,+29,-41,-45,+81
+14,-17,-62,+93
+4,+15,+26,+29,+58
+1,-12,-17
-4,+83,-97
+22,+23,-39,+43,+45,+66,-73,-82,-99
+14,+51,+66
-32,-57,+68,+69,-84,-87
+46,+49,+71,-86,-95
+46,-67,+79,-80
+32,-38,-50,-71,+73,+74,-76,+78,+79,-81,-86
-24,+45,-66
+7,-25
-9,+17,+18,+37,+52,-75,-84,+96
+23,-59
-2,+7,+24,-52,+70,-88
+8,+45,+62
+5,+27,+41,-56,-72,-80
+56,-60,-99
-21,-28
+46,+60,-71,+82
+16,+48,-94,-99
+29,+36,+45,+47,+52,+63,-77,-80,+90
+3,+4,+11,-21,-48,+56,+65
+10,-27,+32,-52,-83,-92
+10,+14,-43,-75,+94,-99
+15,-27,+52,-69
+17,+50,-83,-96
+5,+19,-25,+28,+46,-48,-98
+4,+33,+95
-46,-84
+66,+67,-72,-86,+94,-96
+8,+50,+78
+10,+15,-28,+32,-54,+58,-90
-50,+73,-88,-93,-97
-3,-14,-51,+75,-82
+12,+48,-51,+58,+93
-9,+92,+94
+17,+20,-47,+53,+78
-3,+6,-16,+67
+10,+25,+32,-37,+90,+91
-49,+89,+95
-7,-48,+51,-72,-89
+3,-9,-13,-62,+81,+86,+95
+12,+17,-32,-58,+69,+71,-92,-94
-32,-61
+42,+70,+97
-9,-19,-42,+49,-55,+86
+43,-47
+8,+9,-44,+75,+78,-85,+91
+16,+17,-24,-29,-35,+94
-3,+10,-11,-48,+57,-60,-84,-88
-25,-31,-44,+71,+73,+90
+10,+17,-18,+56,-66,+82,-93
+4,-11,-26,-30,-35,-65
+2,-28,-42,-46,-50,+60,-79,-99
+13,+20,-31,-60,+62
-3,-30,-33,+46
+42,-47,+54,+55,+90
-9,+29,+31,+44,+45,+61,+65,-71,-95
+24,+37,+40,+42,-56,-73,+99
-13,-36,-42
+25,+26,-32,+53,-72
+22,+48,-61,-71,-82
-5,+13,+35,+41,+84
+9,-50,-57,+84
+41,-54,-77,-96
-3,-15,+39,+40,-51
+13,-18,+25,+52,-53,-64,-79,-82
-2,-5,-41,-46,+52,+53,+81
+3,+61,-90,+93
-50,+55,+84,-99
+37,-59,+68,-69,-72
-74,+84
+7,-8,+25,+26,+37,+45,-53,-60,-99
-21,+25,-33,+36,-37,+71,+83
-37,+53,+71,-77
+56,-78,-82,-94
+18,-31,+48,+72
-14,-23,+55
-27,-29,+35,+83
-1,-24,-30,+65
+2,+12,+13,-16,-26,+41,-52,+91,+92
-3,+6,+61,+85
+15,+55,-94,+97
+5,-12,+21,-28,+52,+61,-99
-7,+10,+16,-23,-26,+47,-55,-72,+90
-8,+11,-14,-44,+81,-85
-1,-19,-59,+62,-74,+87,-92
+7,+46,+58,-80,-89,+100
+11,+38,-66,+68
-1,+56
+9,-46,-75
-16,-94
+13,-27,-39,+68,-74
-7,-21,+27,+34,+61,-65,-84,-93
-61,+69
-55,+68,+93
-6,+22,+37,-43,-53,+60
-8,+32,+68,+78
-9,-14,+85,-86
-47,-98
-1,-16,-92
-3,+18,+36,+88
-12,-18,+41,+46,+62,+64,-72,-90,+93
+3,+43,+48,+63,-100
+3,-4,+16,+61,-81,+95,-97
-9,+12,+14,-35
+25,+36,-38,-42,+69,+85,+87
-9,+13,-30,+43,+92,-97
-35,-70
+1,-55,-67,+87,-97
+50,-86,-95
+5,+18,-38,-47,-54,+58,-71,+95,+97
-9,-20,-37,+40,-55
-30,-80
-31,+51,-56,+59,-98
+13,-23,+27,+30,-32,-41,-67,-78,+89
+16,+21,+28,-77,+82,-95
+22,+60
-25,+35,+53,+60,+61
+4,+12,+15,+22,-55,+58,-71,-88
-9,-11,-50
-12,-17,+20,+34,-45,+67,+86,-92
+3,+6,+12,-28,-87
-19,-45,+60,-85
+10,-12,+45,+56,-90
+19,+20,+61,-75
+15,+27,+49,+58,+98
+14,-17,+59,+100
-43,-47
+51,+82,-99
-33,+55,-78,-82,-94
+20,+23,+26,-29,-73,+75,-76,+86,-90,-93,+97
+35,-46,-57,+96
+36,+54,-59
+7,-24,-63,+68,+72,-84,+86,+90
-8,-27,+44,-69,+91,+95
+37,+47,-56
+33,+37,-40,-88
-4,+72
+37,-52,+63,+69,+72,+74,-88
-11,-16,-23,-42,-66,-71,-84
+48,+53,-56,-69
+37,-39,-42,-63,-86
+18,-28,+75
+22,+30,+94
+68,+69,-84
+36,-45,+66,+82
+27,-39,+43,+45,-48,+56
-2,+37,+43,-80
+4,-28
-6,-16,+27,+28,-69,-73,-77
+7,-28,+41
+24,+58,-63,-80,+87,+92,-97
+44,-46,-51,+55,+61,+72,+81
+15,-33,-46,+50,+62,-65,+71,-77,+97
-3,-6,-22,+98
-9,-29,-83
-10,-13,+16,-24,-26,-70,-100
+20,-43,-47,+88,+99,-100
-4,-36,+49,-83,+98
-27,-29,+53,+81,-91,-99
-38,-41,-66,+79
+42,-82,+86
-30,+55,+78,+83
+36,-90
+2,+36,-50,-65,+70
-25,-37,+54
+16,+54,-60,+82,+83,-95
-24,+26,-46,+50,-65,+79,+82,+84
-48,+68,+88,+91,+92
-22,+42,-56,+78
-33,+65,+76
-49,-81,+84
+12,-21,+24,+44,+45,+97
-18,+54,+73,+75,+77
+71,+76
-9,-21,-49,-62,-72
+32,+43,+100
+1,-31,+37,-73
+27,+46,+47,-82,+91
-3,-23,+34,-39,-58,+60,+65,-71
+5,+68,-70
-7,+50,+52,-67,+69
-8,-75,-97
+26,-70,-93
-52,-65,+87
-9,+11,-12
+28,-29,-43,+53,-84,-86
+2,+29,+38,-50,-54,+90
+23,-26,-71
+13,+24,+35,+38,+67
-6,+10,-21,-26
-8,-13,+92
+31,+32,-48,+52,+54,+75,-82,-91
+23,+60,+75
-4,-41,-66,+77,+78,-93,-96
+55,+58,+80,-95
+55,-76,+88,-89
+41,-47,-59,-80,+82,+83,-85,+87,+88,-90,-95
-33,+54,-75
+5,+16,-34
-18,+26,+27,+46,+61,-84,-93
+32,-68
-11,+16,+33,-61,+79,-97
+17,+54,+71
-8,+14,+36,+50,-65,-81,-89
+65,-69
-30,-37
-3,-8,+55,+69,-80,+91
+25,+57
+38,+45,+54,+56,+61,+72,-86,-89,+99
-1,+12,+13,+20,-30,-57,+65,+74
+3,-8,+19,-36,+41,-61,-92
+19,+23,-52,-84
-5,+24,-36,+61,-78
-7,+26,+59,-92
+4,+14,+28,-34,+37,+55,-57
+13,+42
+3,-5,-55,-93
+75,+76,-81,-95
+17,+59,+87
-2,-6,+19,+24,-37,+41,-63,+67,-99
-59,+82,-97
+2,-12,-23,-60,+84,-91
+1,+3,+21,+57,-60,+67
+26,+29,-56,+62,+87
-12,+15,-25,+76
+4,+19,+34,+41,-46,+99,+100
-58,+98
+4,-16,-57,+60,-81,-98
-1,-3,+12,-18,-22,-71,+90,+95
+21,+26,-41,-67,+78,+80
+6,-41,-70
+51,+79
-18,-28,-51,+58,-64,+95
+52,-56
+3,+17,+18,-53,+84,+87,-94,+100
+25,+26,-33,-38,-44
-12,+19,-20,-57,+66,-69,-93,-97
-2,-34,-40,-53,+80,+82,+99
+19,+26,-27,+65,-75,+91
-8,+13,-20,-35,-39,-44,-74
+11,-37,-51,-55,-59,+69,-88
+22,+29,-40,-69,+71
-12,-39,-42,+55
-4,+51,-56,+63,+64,+99
+8,-18,+38,+40,+53,+54,+70,+74,-80
+33,+46,+49,+51,-65,-82
-22,-45,-51
+34,+35,-41,+62,-81
+31,+57,-70,-80,-91
-14,+22,+44,+50,+93
-5,+18,-59,-66,+93
+50,-63,-86
-12,-24,+48,+49,-60
+22,-27,+34,+61,-62,-73,-88,-91
+2,-11,-14,-50,-55,+61,+62,+90
-8,+12,+70,-99
-59,+64,+93
+46,-68,+77,-78,-81
-8,-83,+93
+16,-17,+34,+35,+46,+54,-62,-69
-30,+34,-42,+45,-46,+80,+92
-3,-46,+62,+80,-86
+65,-87,-91
+27,-40,+57,+81
-23,-32,+64
-36,-38,+44,+92
+1,-10,-33,-39,+74
+11,+21,+22,-25,-35,+50,-61,+100
-3,+6,-12,+15,+70,+94
-8,+24,+64
+14,-21,+30,-37,+61,+70
-16,+19,+25,-32,-35,+56,-64,-81,+99
-1,-17,+20,-23,-53,+90,-94
+9,-10,-28,-68,+71,-83,+96
+16,+55,+67,-89,-98
+20,+47,-75,+77
-10,+65
-3,+18,-55,-84
-2,+22,-36,-48,+77,-83
-16,-30,+36,+43,+70,-74,-93
+2,-70,+78
-64,+77
-15,+31,+46,-52,-62,+69
-17,+41,+77,+87
-7,-18,-23,+94,-95
-1,-56
-10,-25
+2,-12,+27,+45,+97
-9,-21,-27,+50,+55,+71,+73,-81,-99
+12,+52,+57,+72
+4,-6,-26
+12,-13,+25,+70,-90
-18,+21,+23,-44
+1,-6,+34,+45,-47,-51,+78,+94,+96
-18,+22,-39,+52
-6,-44,-79
-4,+10,-64,-76,+96
+4,+6,+59,-95
+14,+27,-47,-56,-63,+67,-80
-18,-29,-46,+49,-64
-7,-39,-89
-40,+60,-65,+68
-4,+22,-32,+36,+39,-41,-50,-76,-87,+98
+25,+30,+37,-86,+91
+31,+69
-34,+44,+62,+69,+70
+13,+21,+24,+31,-64,+67,-80,-97
-1,-18,-20,-59
+4,-21,-26,+29,+43,-54,+76,+95
+12,+15,+21,-37,-96
-28,-54,+69,-94
+19,-21,+54,+65,-99
+7,+28,+29,+70,-84
+9,+24,+36,+58,+67
+23,-26,+68
-8,-52,-56
-3,+60,+91
-2,+6,-42,+64,-87,-91
+5,+29,+32,+35,-38,-82,+84,-85,+95,-99
