100
850
+5,-10,-27,+34,+39,-44,+54,-75,+88
-16,+24,+46,+52,+95
-7,+20,-61,-68,+95
+52,-65,-88
-14,-26,+50,+51,-62
+24,-29,+36,+63,-64,-75,-90,-93
-1,+4,-13,-16,-52,-57,+63,+64,+92
-10,+14,+72
-61,+66,+95
+48,-70,+79,-80,-83
-10,-85,+95
+18,-19,+36,+37,+48,+56,-64,-71
-32,+36,-44,+47,-48,+82,+94
-5,-48,+64,+82,-88
+67,-89,-93
+29,-42,+59,+83
-25,-34,+66
-38,-40,+46,+94
+2,+3,-12,-35,-41,+76
+13,+23,+24,-27,-37,+52,-63
-5,+8,-14,+17,+72,+96
-10,+26,+66
+16,-23,+32,-39,+63,+72
-18,+21,+27,-34,-37,+58,-66,-83
-3,-19,+22,-25,-55,+92,-96
+11,-12,-30,-70,+73,-85,+98
+18,+57,+69,-91,-100
+22,+49,-77,+79
-12,+67
-5,+20,-57,-86
-4,+24,-38,-50,+79,-85
-18,-32,+38,+45,+72,-76,-95
+4,-72,+80
-66,+79
-17,+33,+48,-54,-64,+71
-19,+43,+79,+89
-9,-20,-25,+96,-97
-3,-58
-12,-27
-1,+4,-14,+29,+47,+99
-11,-23,-29,+52,+57,+73,+75,-83
+14,+54,+59,+74
+6,-8,-28
+14,-15,+27,+72,-92
-20,+23,+25,-46
+3,-8,+36,+47,-49,-53,+80,+96,+98
-20,+24,-41,+54
-8,-46,-81
-6,+12,-66,-78,+98
+6,+8,+61,-97
+16,+29,-49,-58,-65,+69,-82
-20,-31,-48,+51,-66
-9,-41,-91
-42,+62,-67,+70
-6,+24,-34,+38,+41,-43,-52,-78,-89,+100
+27,+32,+39,-88,+93
+33,+71
-36,+46,+64,+71,+72
+15,+23,+26,+33,-66,+69,-82,-99
-3,-20,-22,-61
+6,-23,-28,+31,+45,-56,+78,+97
+14,+17,+23,-39,-98
-1,-30,-56,+71,-96
+21,-23,+56,+67
+9,+30,+31,+72,-86
+11,+26,+38,+60,+69
+25,-28,+70
-10,-54,-58
-5,+62,+93
-1,-4,+8,-44,+66,-89,-93
+7,+31,+34,+37,-40,-84,+86,-87,+97
+46,-57,-68
+1,+47,+65,-70
+2,+6,+18,-35,-74,+79,+83,-95,+97
-19,-38,+55,-80
+48,+58,-67
+44,+48,-51,-99
-15,+83
+48,-63,+74,+80,+83,+85,-99
-22,-27,-34,-53,-77,-82,-95
+59,+64,-67,-80
+48,-50,-53,-74,-97
+5,+29,-39,+86
+33,+41
+79,+80,-95
+47,-56,+77,+93
+38,-50,+54,+56,-59,+67
-13,+48,+54,-91
+15,-39
-17,-27,+38,+39,-80,-84,-88
+3,-8,+18,-39,+52
+35,+69,-74,-91,+98
+8,+55,-57,-62,+66,+72,+83,+92
+9,+26,-44,-57,+61,+73,-76,+82,-88
-14,-17,-33
-11,-20,-40,-94
+10,-11,-21,-24,+27,-35,-37,-81
+9,+31,-54,-58,+99
-2,-10,-15,-47,+60,-94
-38,-40,+64,+92
-49,-52,-77,+90
+53,-93,+97
-1,-41,+66,+89,+94
+13,+47,-61,-76,+81
-6,-36,-48,+65
+27,+65,-71,+93,+94
+2,+3,-35,+37,-57,+61,-76,+90,+93,+95
-59,+79,+99
-33,+53,-67,+89
-44,+76,+87
+8,-60,-92,+95
+23,-32,+35,+55,+56
-29,+65,+84,+86,+88
+82,+87
+11,-20,-32,-60,-73,-83
+43,+54
+2,+12,-42,+48,-84
+38,+57,+58,-93
-14,-34,+45,-50,-69,+71,+76,-82
+16,+79,-81
-8,-18,+61,+63,-78,+80
-4,-19,-86
+37,-81
-63,-76,+98
-20,+22,-23
+1,+39,-40,-54,+64,-95,-97
+13,+40,+49,-61,-65
+34,-37,-82
+24,+35,+46,+49,+78
+3,-17,+21,-32,-37
-2,-19,-24
+42,+43,-59,+63,+65,+86,-93
-4,-7,+34,+71,+86
-6,-15,-52,-77,+88,+89
+66,+69,+91
-1,-6,+66,-87,+99,-100
+52,-58,-70,-91,+93,+94,-96,+98,+99
-44,+65,-86
-4,+16,+27,-45
-29,+37,+38,+57,+72,-95
-8,+43,-79
-22,+27,+44,-72,+90
+28,+65,+82
-19,+25,+47,+61,-76,-92,-100
+76,-80
+2,-41,-48
-14,-19,+66,+80,-91
+10,+36,+68
+49,+56,+65,+67,+72,+83,-97,-100
-3,-12,+23,+24,+31,-41,-68,+76,+85
+14,-19,+30,-47,+52,-72
+30,+34,-63,-95
-3,-16,+35,-47,+72,-89
-18,+37,+70
+15,+25,+39,-45,+48,+66,-68
-4,+24,+53
-6,+14,-16,-66
+86,+87,-92
+28,+70,+98
-10,+21
-8,-13,-17,+30,+35,-48,+52,-74,+78
-2,-70,+93
+13,-23,-34,-71,+95
+12,+14,+32,+68,-71,+78
+37,+40,-67,+73,+98
-23,+26,-36,+87
+10,+11,+42
+9,+15,+30,+45,+52,-57
-9,-69
+1,+6,+15,-27,-68,+71,-92
-12,-14,+23,-29,-33,-82
+32,+37,-52,-78,+89,+91
+17,-52,-81
+6,+62,+90
-29,-39,-62,+69,-75
-5,+11,+63,-67
+14,+28,+29,-64,+95,+98
-4,-8,+36,+37,-44,-49,-55
+10,-23,+30,-31,-68,+77,-80
+2,-13,-45,-51,-64,+91,+93
+30,+37,-38,+76,-86
-19,+24,-31,-46,-50,-55,-85
+22,-48,-62,-66,-70,+80,-99
+33,+40,-51,-80,+82
+10,-23,-50,-53,+66
-15,+62,-67,+74,+75
+19,-29,+49,+51,+64,+65,+81,+85,-91
+44,+57,+60,+62,-76,-93
-33,-56,-62
-2,+45,+46,-52,+73,-92
+4,+42,+68,-81,-91
+4,-25,+33,+55,+61
-16,+29,-70,-77
+61,-74,-97
-2,-23,-35,+59,+60,-71
+1,+33,-38,+45,+72,-73,-84,-99
-10,+13,-22,-25,-61,-66,+72,+73
+4,-19,+23,+81
-70,+75
+4,+57,-79,+88,-89,-92
-19,-94
+3,+27,-28,+45,+46,+57,+65,-73,-80
-41,+45,-53,+56,-57,+91
-2,-14,-57,+73,+91,-97
+76,-98
+38,-51,+68,+92
+3,-34,-43,+75
-47,-49,+55
+11,+12,-21,-44,-50,+85
+5,+22,+32,+33,-36,-46,+61,-72
-14,+17,-23,+26,+81
-19,+35,+75
+25,-32,+41,-48,+72,+81
+1,-5,-27,+30,+36,-43,-46,+67,-75,-92
+7,-12,-28,+31,-34,-64
-9,+20,-21,-39,-79,+82,-94
+27,+66,+78,-100
+31,+58,-86,+88
-21,+76
-14,+29,-66,-95
-4,-13,+33,-47,-59,+88,-94
-27,-41,+47,+54,+81,-85
+13,-81,+89
-75,+88
-26,+42,+57,-63,-73,+80
+5,-6,-28,+52,+88,+98
-18,-29,-34
-12,-67
+8,-21,-36
-10,+13,-23,+38,+56
-20,-32,-38,+61,+66,+82,+84,-92
+23,+63,+68,+83
-1,+15,-17,-37
+23,-24,+36,+81
+5,+7,-29,+32,+34,-55
+12,-17,+45,+56,-58,-62,+89
-29,+33,-50,+63
+7,-17,-55,-90
-6,-15,+21,-75,-87
+15,+17,+70
+25,+38,-58,-67,-74,+78,-91
-29,-40,-57,+60,-75
-18,-50,-100
+9,-51,+71,-76,+79
+2,-15,+33,-43,+47,+50,-52,-61,-87,-98
+36,+41,+48,-97
+42,+80
-8,-45,+55,+73,+80,+81
+24,+32,+35,+42,-75,+78,-91
+6,-12,-29,-31,-70
+15,-32,-37,+40,+54,-65,+87
-5,+23,+26,+32,-48
-10,-39,-65,+80
+30,-32,+65,+76
+18,+39,+40,+81,-95
+20,+35,+47,+69,+78
+34,-37,+79
+2,-19,-63,-67
-2,-14,+71
+6,-10,-13,+17,-53,+75,-98
+16,+40,+43,+46,-49,-93,+95,-96
+55,-66,-77
-4,+6,+10,+56,+74,-79
+11,+15,+27,-44,-83,+88,+92
-28,-47,+64,-89
-8,+57,+67,-76
+53,+57,-60
-8,-24,+92
-4,+57,-72,+83,+89,+92,+94
-31,-36,-43,-62,-86,-91
-6,+68,+73,-76,-89
+57,-59,-62,-83
+14,+38,-48,+95
-4,+42,+50
+2,+88,+89
+56,-65,+86
+47,-59,+63,+65,-68,+76
-22,+57,+63,-100
+24,-48
-26,-36,+47,+48,-89,-93,-97
+7,+12,-17,+27,-48,+61
+1,+44,+78,-83,-100
+17,+64,-66,-71,+75,+81,+92
+18,+35,-53,-66,+70,+82,-85,+91,-97
-3,-23,-26,-42
-20,-29,-49
+8,+19,-20,-30,-33,+36,-44,-46,-90
-3,+18,+40,-63,-67
+1,-11,-19,-24,-56,+69
-47,-49,+73
-2,+6,-58,-61,-86,+99
+3,+62
-10,-50,+75,+98
+22,+56,-70,-85,+90
+2,+3,-15,-45,-57,+74
+2,+4,+36,+74,-80
+8,+11,+12,-44,+46,-66,+70,-85,+99
-68,+88
-42,+62,-76,+98
-1,+4,-53,+85,+96
+17,-69
+32,-41,+44,+64,+65
-38,+74,+93,+95,+97
+91,+96
+20,-29,-41,-69,-82,-92
+52,+63
-2,+11,+21,-51,+57,-93
+47,+66,+67
-23,-43,+54,-59,-78,+80,+85,-91
+25,+88,-90
-17,-27,+70,+72,-87,+89
-13,-28,-95
+7,+46,-90
-72,-85
-4,-6,-29,+31,-32
+10,+48,-49,-63,+73
+22,+49,+58,-70,-74
+43,-46,-91
+33,+44,+55,+58,+87
+12,-26,+30,-41,-46
-2,-11,-28,-33
+51,+52,-68,+72,+74,+95
-13,-16,+43,+80,+95
-15,-24,-61,-86,+97,+98
+8,-9,+75,+78,+100
+2,+3,-5,+7,+8,-10,-15,+75,-96
+61,-67,-79,-100
-53,+74,-95
-4,-13,+25,+36,-54
-38,+46,+47,+66,+81
-17,+52,-88
-31,+36,+53,-81,+99
-1,-9,+37,+74,+91
-28,+34,+56,+70,-85
+85,-89
+11,-50,-57
-23,-28,+75,+89,-100
-6,-9,+19,+45,+77
+58,+65,+74,+76,+81,+92
-12,-21,+32,+33,+40,-50,-77,+85,+94
-4,+23,-28,+39,-56,+61,-81
+39,+43,-72
-12,-25,+44,-56,+81,-98
-27,+46,+79
+24,+34,+48,-54,+57,+75,-77
-13,+33,+62
-1,-15,+23,-25,-75
+7,+95,+96
+37,+79
-19,+30
+2,-17,-22,-26,+39,+44,-57,+61,-83,+87
+4,-11,-79
+22,-32,-43,-80
+21,+23,+41,+77,-80,+87
+7,-38
+46,+49,-76,+82
-32,+35,-45,+96
+19,+20,+51
+18,+24,+39,+54,+61,-66
-1,-18,-78
+10,+15,+24,-36,-77,+80
-21,-23,+32,-38,-42,-91
+41,+46,-61,-87,+98,+100
+26,-61,-90
+15,+71,+99
-38,-48,-71,+78,-84
+4,+7,-14,+20,+72,-76
+23,+37,+38,-73
-13,-17,+45,+46,-53,-58,-64
+2,+19,-32,+39,-40,-77,+86,-89
+11,-22,-54,-60,-73,+100
+39,+46,-47,+85,-95
-8,-28,+33,-40,-55,-59,-64,-94
+31,-57,-71,-75,-79,+89
+42,+49,-60,-89,+91
+19,-32,-59,-62,+75
-24,+71,-76,+83,+84
-2,+28,-38,+58,+60,+73,+74,+90,+94,-100
+53,+66,+69,+71,-85
-1,-42,-65,-71
-11,+54,+55,-61,+82
+13,+51,+77,-90,-100
+13,-34,+42,+64,+70
-6,-25,+38,-79,-86
+70,-83
-8,-11,-32,-44,+68,+69,-80
+10,+42,-47,+54,+81,-82,-93
-19,+22,-31,-34,-70,-75,+81,+82
+13,-28,+32,+90
-1,-79,+84
-3,+13,+66,-88,+97,-98
+12,+36,-37,+54,+55,+66,+74,-82,-89
-6,-50,+54,-62,+65,-66,+100
-7,-11,-23,-66,+82,+100
+1,+85
+47,-60,+77
+12,-43,-52,+84
-56,-58,+64
+20,+21,-30,-53,-59,+94
+14,+31,+41,+42,-45,-55,+70,-81
-23,+26,-32,+35,+90
-28,+44,+84
+34,-41,+50,-57,+81,+90
-1,+19
+10,-14,-36,+39,+45,-52,-55,+76,-84
-3,+16,-21,-37,+40,-43,-73
-9,-18,+29,-30,-48,-88,+91
+36,+75,+87
+40,+67,-95,+97
-4,-30,+85
-23,+38,-75
-3,-45
-13,-22,+42,-56,-68,+97
-36,-50,+56,+63,+90,-94
+22,-90,+98
-84,+97
+7,-35,+51,+66,-72,-82,+89
+14,-15,-37,+61,+97
-27,-38,-43
-21,-76
+17,-30,-45
-1,-19,+22,-32,+47,+65
-29,-41,-47,+70,+75,+91,+93
+32,+72,+77,+92
-10,+24,-26,-46
+32,-33,+45,+90
+14,+16,-38,+41,+43,-64
+21,-26,+54,+65,-67,-71,+98
-38,+42,-59,+72
+16,-26,-64,-99
-15,-24,+30,-84,-96
+24,+26,+79
+34,+47,-67,-76,-83,+87,-100
-9,-38,-49,-66,+69,-84
-27,-59
-7,+18,-60,+80,-85,+88
-6,+11,-24,+42,-52,+56,+59,-61,-70,-96
+45,+50,+57
+51,+89
-17,-54,+64,+82,+89,+90
+33,+41,+44,+51,-84,+87,-100
+15,-21,-38,-40,-79
+24,-41,-46,+49,+63,-74,+96
-14,+32,+35,+41,-57
-19,-48,-74,+89
-4,+39,-41,+74,+85
+27,+48,+49,+90
+29,+44,+56,+78,+87
+43,-46,+88
+11,-28,-72,-76
-7,-11,-23,+80
-2,+4,-5,+15,-19,-22,+26,-62,+84
+25,+49,+52,+55,-58
+64,-75,-86
+1,-13,+15,+19,+65,+83,-88
+20,+24,+36,-53,-92,+97
-37,-56,+73,-98
-17,+66,+76,-85
+1,+62,+66,-69
+1,+3,-17,-33
-13,+66,-81,+92,+98
-40,-45,-52,-71,-95,-100
-15,+77,+82,-85,-98
+4,+66,-68,-71,-92
+23,+47,-57
-13,+51,+59
+11,+97,+98
+65,-74,+95
-9,+56,-68,+72,+74,-77,+85
-31,+66,+72
-2,-6,+33,-57
-35,-45,+56,+57,-98
-9,+16,+21,-26,+36,-57,+70
+1,+10,+53,+87,-92
-6,+26,+73,-75,-80,+84,+90
+27,+44,-62,-75,+79,+91,-94,+100
-12,-32,-35,-51
-29,-38,-58
+17,+28,-29,-39,-42,+45,-53,-55,-99
-12,+27,+49,-72,-76
+10,-20,-28,-33,-65,+78
-3,-56,-58,+82
-11,+15,-67,-70,-95
+7,+12,+71
-19,-59,+84
+31,+65,-79,-94,+99
+11,+12,-24,-54,-66,+83
+8,+11,+13,+45,+83,-89
+17,+20,+21,-53,+55,-75,+79,-94
+7,-77,+97
+5,-51,+71,-85
-10,+13,-62,+94
+26,-78
+2,+4,+6,+41,-50,+53,+73,+74
+5,-47,+83
-1,+100
+29,-38,-50,-78,-91
-2,+61,+72
-11,+20,+30,-60,+66
+56,+75,+76
-32,-52,+63,-68,-87,+89,+94,-100
+34,+97,-99
-4,-26,-36,+79,+81,-96,+98
-22,-37
+16,+55,-99
-81,-94
-13,-15,-38,+40,-41
+19,+57,-58,-72,+82
+31,+58,+67,-79,-83
+52,-55,-100
+42,+53,+64,+67,+96
+21,-35,+39,-50,-55
+4,-11,-20,-37,-42
+4,+60,+61,-77,+81,+83
+6,+7,-22,-25,+52,+89
+9,-24,-33,-70,-95
-5,+17,-18,+84,+87
-9,+11,+12,-14,+16,+17,-19,-24,+84
-4,+70,-76,-88
-62,+83
-13,-22,+34,+45,-63
-47,+55,+56,+75,+90
+8,-26,+61,-97
-40,+45,+62,-90
-10,-18,+46,+83,+100
-37,+43,+65,+79,-94
+94,-98
-9,+20,-59,-66
-32,-37,+84,+98
+1,-15,-18,+28,+54,+86
+3,+67,+74,+83,+85,+90
-21,-30,+41,+42,+49,-59,-86,+94
-13,+32,-37,+48,-65,+70,-90
-7,+48,+52,-81
-21,-34,+53,-65,+90
-36,+55,+88
+33,+43,+57,-63,+66,+84,-86
-22,+42,+71
+4,+5,-10,-24,+32,-34,-84
+46,+88
-28,+39
+11,-26,-31,-35,+48,+53,-66,+70,-92,+96
+13,-20,-88
+31,-41,-52,-89
+30,+32,+50,+86,-89,+96
+16,-47
+5,+55,+58,-85,+91
-41,+44,-54
+28,+29,+60
+27,+33,+48,+63,+70,-75
-10,-27,-87
+19,+24,+33,-45,-86,+89
+7,+9,-30,-32,+41,-47,-51,-100
+50,+55,-70,-96
+8,+35,-70,-99
+24,+80
-47,-57,-80,+87,-93
+13,+16,-23,+29,+81,-85
+32,+46,+47,-82
-22,-26,+54,+55,-62,-67,-73
+9,+11,+28,-41,+48,-49,-86,+95,-98
-4,+20,-31,-63,-69,-82
-3,+48,+55,-56,+94
-17,-37,+42,-49,-64,-68,-73
+40,-66,-80,-84,-88,+98
+51,+58,-69,-98,+100
+28,-41,-68,-71,+84
+3,-9,-33,+80,-85,+92,+93
-11,+37,-47,+67,+69,+82,+83,+99
+62,+75,+78,+80,-94
-10,-51,-74,-80
-9,-20,+63,+64,-70,+91
+22,+60,+86,-99
+22,-43,+51,+73,+79
-15,-34,+47,-88,-95
+79,-92
-2,-17,-20,-41,-53,+77,+78,-89
+19,+51,-56,+63,+90,-91
-28,+31,-40,-43,-79,-84,+90,+91
+22,-37,+41,+99
+6,-7,-10,-88,+93
-12,+22,+75,-97
+9,+21,+45,-46,+63,+64,+75,+83,-91,-98
+9,-15,-59,+63,-71,+74,-75
-16,-20,-32,-75,+91
+10,+94
+56,-69,+86
+21,-52,-61,+93
+3,-65,-67,+73
+29,+30,-39,-62,-68
+23,+40,+50,+51,-54,-64,+79,-90
-32,+35,-41,+44,+99
-37,+53,+93
+43,-50,+59,-66,+90,+99
-10,+28
+19,-23,-45,+48,+54,-61,-64,+85,-93
-12,+25,-30,-46,+49,-52,-82
-18,-27,+38,-39,-57,-97,+100
-4,+6,+45,+84,+96
+49,+76
-13,-39,+94
-32,+47,-84
+6,-12,-54
-3,-22,-31,+51,-65,-77
+7,-45,-59,+65,+72,+99
+6,+31,-99
+6,+16,-44,+60,+75,-81,-91,+98
+23,-24,-46,+70
-36,-47,-52
-30,-85
+26,-39,-54
+2,-10,-28,+31,-41,+56,+74
+1,-38,-50,-56,+79,+84,+100
+41,+81,+86
-19,+33,-35,-55
+41,-42,+54,+99
+7,+23,+25,-47,+50,+52,-73
+30,-35,+63,+74,-76,-80
-8,-47,+51,-68,+81
-5,+25,-35,-73
-24,-33,+39,-93
-9,+33,+35,+88
+43,+56,-76,-85,-92,+96
-18,-47,-58,-75,+78,-93
-36,-68
-5,-16,+27,-69,+89,-94,+97
-15,+20,-33,+51,-61,+65,+68,-70,-79
+54,+59,+66
+60,+98
-9,-26,-63,+73,+91,+98,+99
+42,+50,+53,+60,-93,+96
+5,+24,-30,-47,-49,-88
+33,-50,-55,+58,+72,-83
-23,+41,+44,+50,-66
-28,-57,-83,+98
-13,+48,-50,+83,+94
+36,+57,+58,+99
+38,+53,+65,+87,+96
+52,-55,+97
+20,-37,-81,-85
-16,-20,-32,+89
-11,+13,-14,+24,-28,-31,+35,-71,+93
+34,+58,+61,+64,-67
+73,-84,-95
-1,+6,+10,-22,+24,+28,+74,+92,-97
-7,+29,+33,+45,-62
-46,-65,+82
-26,+75,+85,-94
+10,+71,+75,-78
+1,+7,+10,+12,-26,-42
-4,-9,-22,+75,-90
-7,-49,-54,-61,-80
-1,-24,+86,+91,-94
+13,+75,-77,-80
+32,+56,-66
+6,+7,-22,+60,+68
+4,+20
+74,-83
-18,+65,-77,+81,+83,-86,+94
-40,+75,+81
-7,-11,-15,+42,-66
-44,-54,+65,+66
-1,-18,+25,+30,-35,+45,-66,+79
+10,+19,+62,+96
-3,+9,-15,+35,+82,-84,-89,+93,+99
+36,+53,-71,-84,+88,+100
-21,-41,-44,-60
-8,-38,-47,-67
+26,+37,-38,-48,-51,+54,-62,-64
-21,+36,+58,-81,-85
+19,-29,-37,-42,-74,+87
-12,-65,-67,+91
-4,+17
-20,+24,-76,-79
+16,+21,+80
-28,-68,+93
-3,+8,+74
+40,+74,-88
+20,+21,-33,-63,-75,+92
-3,+17,+20,+22,+54,+92,-98
+6,+26,+29,+30,-62,+64,-84,+88
+16,-86
+3,+14,-60,+80,-94
-19,+22,-71
+35,-87
+11,+13,+15,+50,-59,+62,+82,+83
+9,+14,-56,+92
+38,-47,-59,-87,-100
-11,+70,+81
-20,+29,+39,-69,+75
+3,-9,+65,+84,+85
+6,-8,-41,-61,+72,-77,-96,+98
-5,+7,+43
-13,-35,-45,+88,+90
-8,-31,-46
-3,+25,+64
-22,-24,-47,+49,-50
+28,+66,-67,-81,+91
-9,+40,+67,+76,-88,-92
+5,+61,-64
+51,+62,+73,+76
+30,-44,+48,-59,-64
+13,-20,-29,-46,-51
+13,+69,+70,-86,+90,+92
-4,+15,+16,-31,-34,+61,+98
+18,-33,-42,-79
-14,+26,-27,+93,+96
-18,+20,+21,-23,+25,+26,-28,-33,+93
-13,+79,-85,-97
-71,+92
-22,-31,+43,+54,-72
-6,-56,+64,+65,+84,+99
+17,-35,+70
+9,-49,+54,+71,-99
-3,-19,-27,+55,+92
+3,-7,-46,+52,+74,+88
+7,-18,+29,-68,-75
-41,-46,+93
+10,-24,-27,+37,+63,+95
+3,+12,+76,+83,+92,+94,+99
-30,-39,+50,+51,+58,-68,-95
-22,+41,-46,+57,-74,+79,-99
-16,+57,+61,-90
-30,-43,+62,-74,+99
-45,+64,+97
+42,+52,+66,-72,+75,+93,-95
-31,+51,+80
+13,+14,-19,-33,+41,-43,-93
+55,+97
-1,+5,-37,+48
+20,-35,-40,-44,+57,+62,-75,+79
+22,-29,-97
+5,+40,-50,-61,-98
+39,+41,+59,+95,-98
+25,-56
+14,+64,+67,-94,+100
-50,+53,-63
+37,+38,+69
+36,+42,+57,+72,+79,-84
-19,-36,-96
-9,+28,+33,+42,-54,-95,+98
-5,+16,+18,-39,-41,+50,-56,-60
-8,+59,+64,-79
+17,+44,-79
-2,+33,+89
-56,-66,-89,+96
+22,+25,-32,+38,+90,-94
+41,+55,+56,-91
+4,-7,-31,-35,+63,+64,-71,-76,-82
+18,+20,+37,-50,+57,-58,-95
+3,-13,+29,-40,-72,-78,-91
-12,+57,+64,-65
+7,-26,-46,+51,-58,-73,-77,-82
-7,+9,+49,-75,-89,-93,-97
+60,+67,-78
+1,+2,+37,-50,-77,-80,+93
+8,+12,-18,-42,+89,-94
-3,-20,+46,-56,+76,+78,+91,+92
+71,+84,+87,+89
-19,-60,-83,-89
-8,-18,-29,+72,+73,-79,+100
+31,+69,+95
-4,+31,-52,+60,+82,+88
-1,-24,-43,+56,-97
-11,-26,-29,-50,-62,+86,+87,-98
+28,+60,-65,+72,+99,-100
+8,-37,+40,-49,-52,-88,-93,+99,+100
+2,+31,-46,+50
-6,+15,-16,-19,-97
-21,+31,+84
-7,-46
+18,+30,+54,-55,+72,+73,+84,+92,-100
+18,-24,-68,+72,-80,+83,-84
+3,-25,-29,-41,-84,+100
+2,+65,-78,+95
+30,-61,-70
+12,-74,-76,+82
+38,+39,-48,-71,-77
+8,+32,+49,+59,+60,-63,-73,+88,-99
+2,-41,+44,-50,+53
+8,-46,+62
+52,-59,+68,-75,+99
-2,-19,+37
+28,-32,-54,+57,+63,-70,-73,+94
-6,+9,-21,+34,-39,-55,+58,-61,-91
+5,-27,-36,+47,-48,-66
-13,+15,+54,+93
+3,+58,+85
-22,-48
-41,+56,-93
+15,-21,-63
+8,-12,-31,-40,+60,-74,-86
-8,+16,-54,-68,+74,+81
-2,+15,+40
+15,+25,-53,+69,+84,-90,-100
+32,-33,-55,+79
-45,-56,-61
-39,-94
+35,-48,-63
+9,+11,-19,-37,+40,-50,+65,+83
+10,-47,-59,-65,+88,+93
+50,+90,+95
+8,-28,+42,-44,-64
+50,-51,+63
+16,+32,+34,-56,+59,+61,-82
+39,-44,+72,+83,-85,-89
-17,-56,+60,-77,+90
-2,-14,+34,-44,-82
-33,-42,+48
-1,+5,-18,+42,+44,+97
-2,+52,+65,-85,-94
-27,-56,-67,-84,+87
-3,+6,-45,-77
-14,-25,+36,-78,+98
-24,+29,-42,+60,-70,+74,+77,-79,-88
+7,+63,+68,+75
+7,+8,+69
-2,+5,-18,-35,-72,+82,+100
+51,+59,+62,+69
+14,+33,-39,-56,-58,-97
+42,-59,-64,+67,+81,-92
+7,-32,+50,+53,+59,-75
+3,-37,-66,-92
+8,-22,+57,-59,+92
+5,+45,+66,+67
+6,+47,+62,+74,+96
+61,-64
+29,-46,-90,-94
+2,-25,-29,-41,+98
-20,+22,-23,+33,-37,-40,+44,-80
-4,+43,+67,+70,+73,-76
+1,-6,+82,-93
-10,+15,+19,-31,+33,+37,+83
-16,+38,+42,+54,-71
-3,-55,-74,+91
-35,+84,+94
+19,+80,+84,-87
+10,+16,+19,+21,-35,-51
-13,-18,-31,+84,-99
-3,-16,-58,-63,-70,-89
-10,-33,+95,+100
+22,+84,-86,-89
+41,+65,-75
+15,+16,-31,+69,+77
+13,+29
+3,+83,-92
-27,+74,-86,+90,+92,-95
-49,+84,+90
-16,-20,-24,+51,-75
-53,-63,+74,+75
